Date,,Trail West of Hershey,Trail West of Hershey Pedestrians,Trail West of Hershey Cyclists
7/8/2019,0:00,0,0,0
7/8/2019,1:00,0,0,0
7/8/2019,2:00,0,0,0
7/8/2019,3:00,0,0,0
7/8/2019,4:00,0,0,0
7/8/2019,5:00,0,0,0
7/8/2019,6:00,0,0,0
7/8/2019,7:00,0,0,0
7/8/2019,8:00,0,0,0
7/8/2019,9:00,0,0,0
7/8/2019,10:00,319,295,24
7/8/2019,11:00,651,629,22
7/8/2019,12:00,727,713,14
7/8/2019,13:00,604,577,27
7/8/2019,14:00,523,513,10
7/8/2019,15:00,591,570,21
7/8/2019,16:00,883,856,27
7/8/2019,17:00,861,804,57
7/8/2019,18:00,718,683,35
7/8/2019,19:00,530,498,32
7/8/2019,20:00,357,349,8
7/8/2019,21:00,213,211,2
7/8/2019,22:00,117,117,0
7/8/2019,23:00,51,51,0
8/8/2019,0:00,24,24,0
8/8/2019,1:00,13,13,0
8/8/2019,2:00,7,7,0
8/8/2019,3:00,7,7,0
8/8/2019,4:00,18,18,0
8/8/2019,5:00,89,84,5
8/8/2019,6:00,250,238,12
8/8/2019,7:00,546,527,19
8/8/2019,8:00,539,523,16
8/8/2019,9:00,402,375,27
8/8/2019,10:00,426,399,27
8/8/2019,11:00,608,594,14
8/8/2019,12:00,692,682,10
8/8/2019,13:00,571,555,16
8/8/2019,14:00,607,592,15
8/8/2019,15:00,405,400,5
8/8/2019,16:00,631,609,22
8/8/2019,17:00,690,661,29
8/8/2019,18:00,550,514,36
8/8/2019,19:00,436,401,35
8/8/2019,20:00,309,301,8
8/8/2019,21:00,174,169,5
8/8/2019,22:00,119,119,0
8/8/2019,23:00,66,66,0
9/8/2019,0:00,46,46,0
9/8/2019,1:00,18,18,0
9/8/2019,2:00,13,13,0
9/8/2019,3:00,14,14,0
9/8/2019,4:00,23,21,2
9/8/2019,5:00,91,88,3
9/8/2019,6:00,224,211,13
9/8/2019,7:00,492,481,11
9/8/2019,8:00,410,391,19
9/8/2019,9:00,363,330,33
9/8/2019,10:00,490,447,43
9/8/2019,11:00,581,557,24
9/8/2019,12:00,666,641,25
9/8/2019,13:00,525,499,26
9/8/2019,14:00,495,464,31
9/8/2019,15:00,529,507,22
9/8/2019,16:00,650,613,37
9/8/2019,17:00,703,657,46
9/8/2019,18:00,521,478,43
9/8/2019,19:00,494,454,40
9/8/2019,20:00,375,364,11
9/8/2019,21:00,237,235,2
9/8/2019,22:00,145,144,1
9/8/2019,23:00,73,73,0
10/8/2019,0:00,30,30,0
10/8/2019,1:00,17,15,2
10/8/2019,2:00,12,11,1
10/8/2019,3:00,13,11,2
10/8/2019,4:00,0,0,0
10/8/2019,5:00,31,26,5
10/8/2019,6:00,138,118,20
10/8/2019,7:00,272,211,61
10/8/2019,8:00,340,306,34
10/8/2019,9:00,436,373,63
10/8/2019,10:00,445,394,51
10/8/2019,11:00,453,414,39
10/8/2019,12:00,503,462,41
10/8/2019,13:00,497,470,27
10/8/2019,14:00,441,393,48
10/8/2019,15:00,376,354,22
10/8/2019,16:00,389,349,40
10/8/2019,17:00,340,313,27
10/8/2019,18:00,381,345,36
10/8/2019,19:00,385,336,49
10/8/2019,20:00,307,287,20
10/8/2019,21:00,204,199,5
10/8/2019,22:00,163,163,0
10/8/2019,23:00,89,89,0
11/8/2019,0:00,49,49,0
11/8/2019,1:00,24,24,0
11/8/2019,2:00,26,26,0
11/8/2019,3:00,15,15,0
11/8/2019,4:00,9,9,0
11/8/2019,5:00,15,14,1
11/8/2019,6:00,74,62,12
11/8/2019,7:00,141,124,17
11/8/2019,8:00,284,239,45
11/8/2019,9:00,331,278,53
11/8/2019,10:00,150,134,16
11/8/2019,11:00,56,54,2
11/8/2019,12:00,67,66,1
11/8/2019,13:00,235,228,7
11/8/2019,14:00,281,270,11
11/8/2019,15:00,277,258,19
11/8/2019,16:00,416,372,44
11/8/2019,17:00,372,328,44
11/8/2019,18:00,410,357,53
11/8/2019,19:00,278,233,45
11/8/2019,20:00,191,191,0
11/8/2019,21:00,120,120,0
11/8/2019,22:00,42,42,0
11/8/2019,23:00,12,12,0
12/8/2019,0:00,5,5,0
12/8/2019,1:00,4,4,0
12/8/2019,2:00,2,2,0
12/8/2019,3:00,15,15,0
12/8/2019,4:00,14,14,0
12/8/2019,5:00,67,65,2
12/8/2019,6:00,198,188,10
12/8/2019,7:00,466,454,12
12/8/2019,8:00,319,314,5
12/8/2019,9:00,311,304,7
12/8/2019,10:00,360,353,7
12/8/2019,11:00,195,191,4
12/8/2019,12:00,352,346,6
12/8/2019,13:00,395,388,7
12/8/2019,14:00,395,375,20
12/8/2019,15:00,472,453,19
12/8/2019,16:00,646,624,22
12/8/2019,17:00,545,530,15
12/8/2019,18:00,474,447,27
12/8/2019,19:00,309,293,16
12/8/2019,20:00,191,189,2
12/8/2019,21:00,133,133,0
12/8/2019,22:00,78,78,0
12/8/2019,23:00,37,37,0
13/08/2019,0:00,12,12,0
13/08/2019,1:00,8,8,0
13/08/2019,2:00,5,5,0
13/08/2019,3:00,8,8,0
13/08/2019,4:00,18,16,2
13/08/2019,5:00,99,93,6
13/08/2019,6:00,199,189,10
13/08/2019,7:00,475,464,11
13/08/2019,8:00,382,374,8
13/08/2019,9:00,303,269,34
13/08/2019,10:00,335,310,25
13/08/2019,11:00,507,488,19
13/08/2019,12:00,541,524,17
13/08/2019,13:00,443,427,16
13/08/2019,14:00,486,480,6
13/08/2019,15:00,564,543,21
13/08/2019,16:00,694,681,13
13/08/2019,17:00,746,709,37
13/08/2019,18:00,515,478,37
13/08/2019,19:00,412,383,29
13/08/2019,20:00,269,265,4
13/08/2019,21:00,192,192,0
13/08/2019,22:00,90,90,0
13/08/2019,23:00,33,33,0
14/08/2019,0:00,24,24,0
14/08/2019,1:00,8,8,0
14/08/2019,2:00,11,11,0
14/08/2019,3:00,6,6,0
14/08/2019,4:00,26,26,0
14/08/2019,5:00,71,67,4
14/08/2019,6:00,236,215,21
14/08/2019,7:00,593,583,10
14/08/2019,8:00,443,427,16
14/08/2019,9:00,378,359,19
14/08/2019,10:00,426,400,26
14/08/2019,11:00,633,614,19
14/08/2019,12:00,710,684,26
14/08/2019,13:00,573,558,15
14/08/2019,14:00,573,549,24
14/08/2019,15:00,605,591,14
14/08/2019,16:00,545,511,34
14/08/2019,17:00,435,396,39
14/08/2019,18:00,356,314,42
14/08/2019,19:00,229,198,31
14/08/2019,20:00,115,103,12
14/08/2019,21:00,70,68,2
14/08/2019,22:00,47,47,0
14/08/2019,23:00,26,26,0
15/08/2019,0:00,18,18,0
15/08/2019,1:00,5,5,0
15/08/2019,2:00,2,2,0
15/08/2019,3:00,2,2,0
15/08/2019,4:00,9,9,0
15/08/2019,5:00,46,43,3
15/08/2019,6:00,138,128,10
15/08/2019,7:00,326,311,15
15/08/2019,8:00,243,224,19
15/08/2019,9:00,210,174,36
15/08/2019,10:00,250,218,32
15/08/2019,11:00,352,327,25
15/08/2019,12:00,385,354,31
15/08/2019,13:00,272,256,16
15/08/2019,14:00,267,240,27
15/08/2019,15:00,294,275,19
15/08/2019,16:00,319,289,30
15/08/2019,17:00,433,388,45
15/08/2019,18:00,316,259,57
15/08/2019,19:00,286,236,50
15/08/2019,20:00,124,114,10
15/08/2019,21:00,69,63,6
15/08/2019,22:00,35,35,0
15/08/2019,23:00,18,18,0
16/08/2019,0:00,10,10,0
16/08/2019,1:00,6,6,0
16/08/2019,2:00,4,4,0
16/08/2019,3:00,3,3,0
16/08/2019,4:00,8,6,2
16/08/2019,5:00,35,32,3
16/08/2019,6:00,114,111,3
16/08/2019,7:00,304,284,20
16/08/2019,8:00,203,182,21
16/08/2019,9:00,163,144,19
16/08/2019,10:00,224,197,27
16/08/2019,11:00,243,217,26
16/08/2019,12:00,305,293,12
16/08/2019,13:00,252,241,11
16/08/2019,14:00,279,271,8
16/08/2019,15:00,365,336,29
16/08/2019,16:00,394,377,17
16/08/2019,17:00,471,432,39
16/08/2019,18:00,297,278,19
16/08/2019,19:00,187,170,17
16/08/2019,20:00,131,123,8
16/08/2019,21:00,72,72,0
16/08/2019,22:00,44,44,0
16/08/2019,23:00,22,22,0
17/08/2019,0:00,21,21,0
17/08/2019,1:00,9,9,0
17/08/2019,2:00,10,10,0
17/08/2019,3:00,4,4,0
17/08/2019,4:00,4,4,0
17/08/2019,5:00,10,10,0
17/08/2019,6:00,73,65,8
17/08/2019,7:00,195,174,21
17/08/2019,8:00,91,86,5
17/08/2019,9:00,13,13,0
17/08/2019,10:00,33,31,2
17/08/2019,11:00,180,168,12
17/08/2019,12:00,228,202,26
17/08/2019,13:00,211,190,21
17/08/2019,14:00,227,200,27
17/08/2019,15:00,274,242,32
17/08/2019,16:00,288,259,29
17/08/2019,17:00,253,212,41
17/08/2019,18:00,215,201,14
17/08/2019,19:00,176,144,32
17/08/2019,20:00,120,115,5
17/08/2019,21:00,78,78,0
17/08/2019,22:00,44,43,1
17/08/2019,23:00,22,22,0
18/08/2019,0:00,12,12,0
18/08/2019,1:00,16,14,2
18/08/2019,2:00,10,10,0
18/08/2019,3:00,8,6,2
18/08/2019,4:00,7,7,0
18/08/2019,5:00,8,6,2
18/08/2019,6:00,33,20,13
18/08/2019,7:00,89,72,17
18/08/2019,8:00,148,124,24
18/08/2019,9:00,183,140,43
18/08/2019,10:00,262,227,35
18/08/2019,11:00,244,191,53
18/08/2019,12:00,404,361,43
18/08/2019,13:00,318,279,39
18/08/2019,14:00,284,236,48
18/08/2019,15:00,254,221,33
18/08/2019,16:00,299,259,40
18/08/2019,17:00,283,241,42
18/08/2019,18:00,241,187,54
18/08/2019,19:00,194,159,35
18/08/2019,20:00,110,103,7
18/08/2019,21:00,45,44,1
18/08/2019,22:00,31,31,0
18/08/2019,23:00,13,13,0
19/08/2019,0:00,7,7,0
19/08/2019,1:00,4,4,0
19/08/2019,2:00,2,2,0
19/08/2019,3:00,7,7,0
19/08/2019,4:00,8,8,0
19/08/2019,5:00,33,30,3
19/08/2019,6:00,127,115,12
19/08/2019,7:00,298,281,17
19/08/2019,8:00,283,257,26
19/08/2019,9:00,222,201,21
19/08/2019,10:00,252,234,18
19/08/2019,11:00,313,292,21
19/08/2019,12:00,364,354,10
19/08/2019,13:00,292,287,5
19/08/2019,14:00,330,320,10
19/08/2019,15:00,377,361,16
19/08/2019,16:00,516,499,17
19/08/2019,17:00,556,524,32
19/08/2019,18:00,388,355,33
19/08/2019,19:00,254,224,30
19/08/2019,20:00,129,126,3
19/08/2019,21:00,75,75,0
19/08/2019,22:00,45,45,0
19/08/2019,23:00,16,16,0
20/08/2019,0:00,8,8,0
20/08/2019,1:00,4,4,0
20/08/2019,2:00,2,2,0
20/08/2019,3:00,4,4,0
20/08/2019,4:00,10,9,1
20/08/2019,5:00,47,43,4
20/08/2019,6:00,173,162,11
20/08/2019,7:00,359,345,14
20/08/2019,8:00,259,243,16
20/08/2019,9:00,173,163,10
20/08/2019,10:00,46,44,2
20/08/2019,11:00,21,21,0
20/08/2019,12:00,38,38,0
20/08/2019,13:00,144,142,2
20/08/2019,14:00,202,193,9
20/08/2019,15:00,263,246,17
20/08/2019,16:00,355,331,24
20/08/2019,17:00,411,377,34
20/08/2019,18:00,367,327,40
20/08/2019,19:00,263,229,34
20/08/2019,20:00,107,100,7
20/08/2019,21:00,51,49,2
20/08/2019,22:00,20,20,0
20/08/2019,23:00,17,17,0
21/08/2019,0:00,3,3,0
21/08/2019,1:00,4,4,0
21/08/2019,2:00,1,1,0
21/08/2019,3:00,3,3,0
21/08/2019,4:00,7,7,0
21/08/2019,5:00,29,26,3
21/08/2019,6:00,135,119,16
21/08/2019,7:00,267,247,20
21/08/2019,8:00,200,186,14
21/08/2019,9:00,140,119,21
21/08/2019,10:00,169,148,21
21/08/2019,11:00,244,226,18
21/08/2019,12:00,332,316,16
21/08/2019,13:00,244,231,13
21/08/2019,14:00,221,212,9
21/08/2019,15:00,250,237,13
21/08/2019,16:00,319,308,11
21/08/2019,17:00,389,370,19
21/08/2019,18:00,310,284,26
21/08/2019,19:00,198,178,20
21/08/2019,20:00,114,107,7
21/08/2019,21:00,45,45,0
21/08/2019,22:00,26,26,0
21/08/2019,23:00,8,8,0
22/08/2019,0:00,6,6,0
22/08/2019,1:00,7,5,2
22/08/2019,2:00,2,2,0
22/08/2019,3:00,3,3,0
22/08/2019,4:00,6,6,0
22/08/2019,5:00,36,32,4
22/08/2019,6:00,92,85,7
22/08/2019,7:00,269,257,12
22/08/2019,8:00,216,206,10
22/08/2019,9:00,146,130,16
22/08/2019,10:00,189,165,24
22/08/2019,11:00,259,239,20
22/08/2019,12:00,318,304,14
22/08/2019,13:00,239,220,19
22/08/2019,14:00,299,289,10
22/08/2019,15:00,344,333,11
22/08/2019,16:00,515,493,22
22/08/2019,17:00,482,444,38
22/08/2019,18:00,296,268,28
22/08/2019,19:00,217,201,16
22/08/2019,20:00,84,80,4
22/08/2019,21:00,31,30,1
22/08/2019,22:00,17,17,0
22/08/2019,23:00,12,12,0
23/08/2019,0:00,3,3,0
23/08/2019,1:00,1,1,0
23/08/2019,2:00,3,3,0
23/08/2019,3:00,5,5,0
23/08/2019,4:00,9,9,0
23/08/2019,5:00,41,40,1
23/08/2019,6:00,131,120,11
23/08/2019,7:00,446,421,25
23/08/2019,8:00,285,273,12
23/08/2019,9:00,261,231,30
23/08/2019,10:00,250,212,38
23/08/2019,11:00,329,307,22
23/08/2019,12:00,382,359,23
23/08/2019,13:00,354,323,31
23/08/2019,14:00,317,310,7
23/08/2019,15:00,351,339,12
23/08/2019,16:00,423,385,38
23/08/2019,17:00,403,376,27
23/08/2019,18:00,332,265,67
23/08/2019,19:00,187,135,52
23/08/2019,20:00,76,75,1
23/08/2019,21:00,57,57,0
23/08/2019,22:00,31,29,2
23/08/2019,23:00,19,19,0
24/08/2019,0:00,11,11,0
24/08/2019,1:00,5,5,0
24/08/2019,2:00,5,5,0
24/08/2019,3:00,8,8,0
24/08/2019,4:00,6,3,3
24/08/2019,5:00,26,26,0
24/08/2019,6:00,95,80,15
24/08/2019,7:00,195,160,35
24/08/2019,8:00,292,254,38
24/08/2019,9:00,387,323,64
24/08/2019,10:00,379,320,59
24/08/2019,11:00,393,331,62
24/08/2019,12:00,378,340,38
24/08/2019,13:00,376,319,57
24/08/2019,14:00,346,282,64
24/08/2019,15:00,315,234,81
24/08/2019,16:00,317,252,65
24/08/2019,17:00,293,249,44
24/08/2019,18:00,274,244,30
24/08/2019,19:00,145,135,10
24/08/2019,20:00,58,54,4
24/08/2019,21:00,59,56,3
24/08/2019,22:00,28,28,0
24/08/2019,23:00,16,16,0
25/08/2019,0:00,6,6,0
25/08/2019,1:00,5,5,0
25/08/2019,2:00,4,4,0
25/08/2019,3:00,5,5,0
25/08/2019,4:00,4,4,0
25/08/2019,5:00,6,5,1
25/08/2019,6:00,38,27,11
25/08/2019,7:00,95,77,18
25/08/2019,8:00,167,144,23
25/08/2019,9:00,212,183,29
25/08/2019,10:00,272,226,46
25/08/2019,11:00,309,243,66
25/08/2019,12:00,355,293,62
25/08/2019,13:00,333,227,106
25/08/2019,14:00,287,213,74
25/08/2019,15:00,287,212,75
25/08/2019,16:00,276,220,56
25/08/2019,17:00,220,175,45
25/08/2019,18:00,160,132,28
25/08/2019,19:00,109,85,24
25/08/2019,20:00,58,55,3
25/08/2019,21:00,14,14,0
25/08/2019,22:00,1,1,0
25/08/2019,23:00,0,0,0
26/08/2019,0:00,0,0,0
26/08/2019,1:00,2,2,0
26/08/2019,2:00,2,2,0
26/08/2019,3:00,1,1,0
26/08/2019,4:00,2,2,0
26/08/2019,5:00,5,5,0
26/08/2019,6:00,35,31,4
26/08/2019,7:00,59,56,3
26/08/2019,8:00,37,37,0
26/08/2019,9:00,23,23,0
26/08/2019,10:00,40,37,3
26/08/2019,11:00,47,47,0
26/08/2019,12:00,98,96,2
26/08/2019,13:00,100,98,2
26/08/2019,14:00,189,180,9
26/08/2019,15:00,242,229,13
26/08/2019,16:00,298,279,19
26/08/2019,17:00,373,337,36
26/08/2019,18:00,291,265,26
26/08/2019,19:00,177,157,20
26/08/2019,20:00,92,89,3
26/08/2019,21:00,34,34,0
26/08/2019,22:00,12,12,0
26/08/2019,23:00,9,9,0
27/08/2019,0:00,9,9,0
27/08/2019,1:00,3,3,0
27/08/2019,2:00,2,2,0
27/08/2019,3:00,2,2,0
27/08/2019,4:00,6,6,0
27/08/2019,5:00,39,37,2
27/08/2019,6:00,94,86,8
27/08/2019,7:00,309,295,14
27/08/2019,8:00,159,141,18
27/08/2019,9:00,187,164,23
27/08/2019,10:00,216,196,20
27/08/2019,11:00,337,314,23
27/08/2019,12:00,379,362,17
27/08/2019,13:00,292,281,11
27/08/2019,14:00,339,328,11
27/08/2019,15:00,415,385,30
27/08/2019,16:00,492,468,24
27/08/2019,17:00,536,510,26
27/08/2019,18:00,374,331,43
27/08/2019,19:00,243,205,38
27/08/2019,20:00,101,96,5
27/08/2019,21:00,61,61,0
27/08/2019,22:00,28,28,0
27/08/2019,23:00,19,19,0
28/08/2019,0:00,5,5,0
28/08/2019,1:00,6,6,0
28/08/2019,2:00,2,2,0
28/08/2019,3:00,5,5,0
28/08/2019,4:00,13,13,0
28/08/2019,5:00,40,35,5
28/08/2019,6:00,141,131,10
28/08/2019,7:00,434,421,13
28/08/2019,8:00,325,313,12
28/08/2019,9:00,274,256,18
28/08/2019,10:00,271,234,37
28/08/2019,11:00,302,277,25
28/08/2019,12:00,390,374,16
28/08/2019,13:00,289,274,15
28/08/2019,14:00,295,276,19
28/08/2019,15:00,364,350,14
28/08/2019,16:00,482,456,26
28/08/2019,17:00,434,399,35
28/08/2019,18:00,407,370,37
28/08/2019,19:00,269,237,32
28/08/2019,20:00,137,133,4
28/08/2019,21:00,65,64,1
28/08/2019,22:00,41,41,0
28/08/2019,23:00,9,9,0
29/08/2019,0:00,7,7,0
29/08/2019,1:00,6,6,0
29/08/2019,2:00,8,8,0
29/08/2019,3:00,8,8,0
29/08/2019,4:00,6,6,0
29/08/2019,5:00,77,73,4
29/08/2019,6:00,144,133,11
29/08/2019,7:00,258,242,16
29/08/2019,8:00,208,196,12
29/08/2019,9:00,181,166,15
29/08/2019,10:00,241,218,23
29/08/2019,11:00,267,255,12
29/08/2019,12:00,310,299,11
29/08/2019,13:00,209,200,9
29/08/2019,14:00,238,227,11
29/08/2019,15:00,270,256,14
29/08/2019,16:00,360,340,20
29/08/2019,17:00,380,352,28
29/08/2019,18:00,241,224,17
29/08/2019,19:00,174,161,13
29/08/2019,20:00,84,82,2
29/08/2019,21:00,56,56,0
29/08/2019,22:00,34,34,0
29/08/2019,23:00,19,19,0
30/08/2019,0:00,8,8,0
30/08/2019,1:00,3,3,0
30/08/2019,2:00,1,1,0
30/08/2019,3:00,3,3,0
30/08/2019,4:00,8,8,0
30/08/2019,5:00,35,32,3
30/08/2019,6:00,111,108,3
30/08/2019,7:00,260,242,18
30/08/2019,8:00,206,188,18
30/08/2019,9:00,181,167,14
30/08/2019,10:00,213,200,13
30/08/2019,11:00,239,217,22
30/08/2019,12:00,294,281,13
30/08/2019,13:00,217,205,12
30/08/2019,14:00,206,194,12
30/08/2019,15:00,258,241,17
30/08/2019,16:00,285,259,26
30/08/2019,17:00,298,266,32
30/08/2019,18:00,216,199,17
30/08/2019,19:00,124,107,17
30/08/2019,20:00,64,63,1
30/08/2019,21:00,47,47,0
30/08/2019,22:00,31,31,0
30/08/2019,23:00,18,18,0
31/08/2019,0:00,12,12,0
31/08/2019,1:00,4,4,0
31/08/2019,2:00,3,3,0
31/08/2019,3:00,3,3,0
31/08/2019,4:00,1,1,0
31/08/2019,5:00,15,15,0
31/08/2019,6:00,74,63,11
31/08/2019,7:00,163,126,37
31/08/2019,8:00,222,198,24
31/08/2019,9:00,233,215,18
31/08/2019,10:00,314,261,53
31/08/2019,11:00,313,285,28
31/08/2019,12:00,274,235,39
31/08/2019,13:00,265,221,44
31/08/2019,14:00,246,217,29
31/08/2019,15:00,256,215,41
31/08/2019,16:00,214,195,19
31/08/2019,17:00,178,168,10
31/08/2019,18:00,143,122,21
31/08/2019,19:00,102,87,15
31/08/2019,20:00,64,57,7
31/08/2019,21:00,37,37,0
31/08/2019,22:00,30,29,1
31/08/2019,23:00,17,14,3
1/9/2019,0:00,6,6,0
1/9/2019,1:00,6,6,0
1/9/2019,2:00,1,1,0
1/9/2019,3:00,3,3,0
1/9/2019,4:00,1,1,0
1/9/2019,5:00,0,0,0
1/9/2019,6:00,10,6,4
1/9/2019,7:00,29,24,5
1/9/2019,8:00,36,34,2
1/9/2019,9:00,23,21,2
1/9/2019,10:00,120,102,18
1/9/2019,11:00,153,131,22
1/9/2019,12:00,216,172,44
1/9/2019,13:00,195,164,31
1/9/2019,14:00,180,131,49
1/9/2019,15:00,156,129,27
1/9/2019,16:00,162,115,47
1/9/2019,17:00,118,90,28
1/9/2019,18:00,109,102,7
1/9/2019,19:00,85,73,12
1/9/2019,20:00,45,45,0
1/9/2019,21:00,23,21,2
1/9/2019,22:00,22,22,0
1/9/2019,23:00,22,22,0
2/9/2019,0:00,9,9,0
2/9/2019,1:00,2,2,0
2/9/2019,2:00,3,3,0
2/9/2019,3:00,1,1,0
2/9/2019,4:00,1,1,0
2/9/2019,5:00,4,4,0
2/9/2019,6:00,33,29,4
2/9/2019,7:00,73,53,20
2/9/2019,8:00,121,87,34
2/9/2019,9:00,210,161,49
2/9/2019,10:00,289,187,102
2/9/2019,11:00,316,250,66
2/9/2019,12:00,314,242,72
2/9/2019,13:00,271,212,59
2/9/2019,14:00,266,216,50
2/9/2019,15:00,215,182,33
2/9/2019,16:00,260,193,67
2/9/2019,17:00,204,164,40
2/9/2019,18:00,217,182,35
2/9/2019,19:00,156,144,12
2/9/2019,20:00,84,81,3
2/9/2019,21:00,39,39,0
2/9/2019,22:00,13,13,0
2/9/2019,23:00,4,4,0
3/9/2019,0:00,7,7,0
3/9/2019,1:00,5,5,0
3/9/2019,2:00,2,2,0
3/9/2019,3:00,3,3,0
3/9/2019,4:00,10,8,2
3/9/2019,5:00,31,26,5
3/9/2019,6:00,113,108,5
3/9/2019,7:00,211,202,9
3/9/2019,8:00,200,190,10
3/9/2019,9:00,161,148,13
3/9/2019,10:00,134,126,8
3/9/2019,11:00,208,200,8
3/9/2019,12:00,256,241,15
3/9/2019,13:00,213,206,7
3/9/2019,14:00,197,188,9
3/9/2019,15:00,234,225,9
3/9/2019,16:00,395,379,16
3/9/2019,17:00,331,307,24
3/9/2019,18:00,266,241,25
3/9/2019,19:00,178,150,28
3/9/2019,20:00,77,74,3
3/9/2019,21:00,33,32,1
3/9/2019,22:00,27,26,1
3/9/2019,23:00,15,15,0
4/9/2019,0:00,4,4,0
4/9/2019,1:00,7,7,0
4/9/2019,2:00,4,4,0
4/9/2019,3:00,3,3,0
4/9/2019,4:00,14,13,1
4/9/2019,5:00,44,43,1
4/9/2019,6:00,173,161,12
4/9/2019,7:00,428,416,12
4/9/2019,8:00,294,278,16
4/9/2019,9:00,222,204,18
4/9/2019,10:00,173,162,11
4/9/2019,11:00,261,243,18
4/9/2019,12:00,266,245,21
4/9/2019,13:00,178,153,25
4/9/2019,14:00,212,199,13
4/9/2019,15:00,191,177,14
4/9/2019,16:00,330,289,41
4/9/2019,17:00,310,277,33
4/9/2019,18:00,251,216,35
4/9/2019,19:00,194,181,13
4/9/2019,20:00,98,98,0
4/9/2019,21:00,45,44,1
4/9/2019,22:00,19,19,0
4/9/2019,23:00,5,5,0
5/9/2019,0:00,3,3,0
5/9/2019,1:00,3,3,0
5/9/2019,2:00,3,3,0
5/9/2019,3:00,3,3,0
5/9/2019,4:00,11,10,1
5/9/2019,5:00,68,64,4
5/9/2019,6:00,135,128,7
5/9/2019,7:00,338,324,14
5/9/2019,8:00,312,289,23
5/9/2019,9:00,230,207,23
5/9/2019,10:00,233,213,20
5/9/2019,11:00,286,266,20
5/9/2019,12:00,249,235,14
5/9/2019,13:00,195,184,11
5/9/2019,14:00,218,206,12
5/9/2019,15:00,295,284,11
5/9/2019,16:00,352,327,25
5/9/2019,17:00,402,370,32
5/9/2019,18:00,336,294,42
5/9/2019,19:00,248,225,23
5/9/2019,20:00,124,122,2
5/9/2019,21:00,48,48,0
5/9/2019,22:00,28,28,0
5/9/2019,23:00,13,13,0
6/9/2019,0:00,6,6,0
6/9/2019,1:00,6,6,0
6/9/2019,2:00,5,5,0
6/9/2019,3:00,2,2,0
6/9/2019,4:00,6,6,0
6/9/2019,5:00,34,34,0
6/9/2019,6:00,110,103,7
6/9/2019,7:00,223,206,17
6/9/2019,8:00,192,179,13
6/9/2019,9:00,159,147,12
6/9/2019,10:00,156,126,30
6/9/2019,11:00,175,159,16
6/9/2019,12:00,174,167,7
6/9/2019,13:00,158,138,20
6/9/2019,14:00,191,175,16
6/9/2019,15:00,246,238,8
6/9/2019,16:00,241,222,19
6/9/2019,17:00,297,268,29
6/9/2019,18:00,259,220,39
6/9/2019,19:00,123,115,8
6/9/2019,20:00,69,67,2
6/9/2019,21:00,47,47,0
6/9/2019,22:00,47,47,0
6/9/2019,23:00,25,25,0
7/9/2019,0:00,15,15,0
7/9/2019,1:00,8,8,0
7/9/2019,2:00,4,4,0
7/9/2019,3:00,4,4,0
7/9/2019,4:00,4,4,0
7/9/2019,5:00,12,12,0
7/9/2019,6:00,74,68,6
7/9/2019,7:00,216,188,28
7/9/2019,8:00,207,174,33
7/9/2019,9:00,333,293,40
7/9/2019,10:00,380,305,75
7/9/2019,11:00,322,268,54
7/9/2019,12:00,351,292,59
7/9/2019,13:00,275,225,50
7/9/2019,14:00,280,228,52
7/9/2019,15:00,273,231,42
7/9/2019,16:00,265,234,31
7/9/2019,17:00,228,203,25
7/9/2019,18:00,240,206,34
7/9/2019,19:00,199,180,19
7/9/2019,20:00,129,123,6
7/9/2019,21:00,72,72,0
7/9/2019,22:00,52,52,0
7/9/2019,23:00,4,4,0
8/9/2019,0:00,5,5,0
8/9/2019,1:00,2,2,0
8/9/2019,2:00,4,4,0
8/9/2019,3:00,1,1,0
8/9/2019,4:00,0,0,0
8/9/2019,5:00,0,0,0
8/9/2019,6:00,2,2,0
8/9/2019,7:00,12,10,2
8/9/2019,8:00,39,35,4
8/9/2019,9:00,104,94,10
8/9/2019,10:00,143,127,16
8/9/2019,11:00,166,150,16
8/9/2019,12:00,227,197,30
8/9/2019,13:00,205,161,44
8/9/2019,14:00,181,143,38
8/9/2019,15:00,188,164,24
8/9/2019,16:00,183,162,21
8/9/2019,17:00,141,128,13
8/9/2019,18:00,101,87,14
8/9/2019,19:00,70,63,7
8/9/2019,20:00,39,39,0
8/9/2019,21:00,30,30,0
8/9/2019,22:00,11,10,1
8/9/2019,23:00,3,3,0
9/9/2019,0:00,2,2,0
9/9/2019,1:00,4,4,0
9/9/2019,2:00,4,4,0
9/9/2019,3:00,1,1,0
9/9/2019,4:00,4,4,0
9/9/2019,5:00,30,27,3
9/9/2019,6:00,94,87,7
9/9/2019,7:00,243,229,14
9/9/2019,8:00,175,162,13
9/9/2019,9:00,164,150,14
9/9/2019,10:00,180,164,16
9/9/2019,11:00,274,254,20
9/9/2019,12:00,280,265,15
9/9/2019,13:00,241,228,13
9/9/2019,14:00,238,224,14
9/9/2019,15:00,289,270,19
9/9/2019,16:00,378,359,19
9/9/2019,17:00,463,421,42
9/9/2019,18:00,319,289,30
9/9/2019,19:00,192,175,17
9/9/2019,20:00,94,92,2
9/9/2019,21:00,31,31,0
9/9/2019,22:00,22,21,1
9/9/2019,23:00,12,12,0
10/9/2019,0:00,7,7,0
10/9/2019,1:00,4,4,0
10/9/2019,2:00,5,3,2
10/9/2019,3:00,6,6,0
10/9/2019,4:00,7,6,1
10/9/2019,5:00,50,40,10
10/9/2019,6:00,123,117,6
10/9/2019,7:00,292,277,15
10/9/2019,8:00,283,271,12
10/9/2019,9:00,196,185,11
10/9/2019,10:00,187,175,12
10/9/2019,11:00,314,303,11
10/9/2019,12:00,276,266,10
10/9/2019,13:00,265,256,9
10/9/2019,14:00,277,271,6
10/9/2019,15:00,290,284,6
10/9/2019,16:00,429,416,13
10/9/2019,17:00,413,394,19
10/9/2019,18:00,388,347,41
10/9/2019,19:00,247,230,17
10/9/2019,20:00,125,124,1
10/9/2019,21:00,77,76,1
10/9/2019,22:00,26,26,0
10/9/2019,23:00,13,13,0
11/9/2019,0:00,4,4,0
11/9/2019,1:00,1,1,0
11/9/2019,2:00,2,2,0
11/9/2019,3:00,3,3,0
11/9/2019,4:00,5,5,0
11/9/2019,5:00,40,35,5
11/9/2019,6:00,96,83,13
11/9/2019,7:00,247,231,16
11/9/2019,8:00,236,218,18
11/9/2019,9:00,218,197,21
11/9/2019,10:00,189,169,20
11/9/2019,11:00,262,250,12
11/9/2019,12:00,328,310,18
11/9/2019,13:00,204,200,4
11/9/2019,14:00,252,245,7
11/9/2019,15:00,280,273,7
11/9/2019,16:00,400,383,17
11/9/2019,17:00,417,384,33
11/9/2019,18:00,322,286,36
11/9/2019,19:00,231,215,16
11/9/2019,20:00,102,101,1
11/9/2019,21:00,43,43,0
11/9/2019,22:00,21,21,0
11/9/2019,23:00,9,9,0
12/9/2019,0:00,6,6,0
12/9/2019,1:00,5,5,0
12/9/2019,2:00,4,4,0
12/9/2019,3:00,5,5,0
12/9/2019,4:00,7,6,1
12/9/2019,5:00,38,37,1
12/9/2019,6:00,157,150,7
12/9/2019,7:00,276,257,19
12/9/2019,8:00,140,126,14
12/9/2019,9:00,167,134,33
12/9/2019,10:00,195,178,17
12/9/2019,11:00,252,231,21
12/9/2019,12:00,360,351,9
12/9/2019,13:00,254,244,10
12/9/2019,14:00,241,234,7
12/9/2019,15:00,246,236,10
12/9/2019,16:00,397,372,25
12/9/2019,17:00,359,333,26
12/9/2019,18:00,340,325,15
12/9/2019,19:00,226,214,12
12/9/2019,20:00,133,131,2
12/9/2019,21:00,48,47,1
12/9/2019,22:00,38,38,0
12/9/2019,23:00,11,11,0
13/09/2019,0:00,7,7,0
13/09/2019,1:00,8,8,0
13/09/2019,2:00,2,2,0
13/09/2019,3:00,1,1,0
13/09/2019,4:00,4,4,0
13/09/2019,5:00,21,18,3
13/09/2019,6:00,83,75,8
13/09/2019,7:00,327,304,23
13/09/2019,8:00,216,192,24
13/09/2019,9:00,116,93,23
13/09/2019,10:00,142,135,7
13/09/2019,11:00,218,199,19
13/09/2019,12:00,274,257,17
13/09/2019,13:00,242,224,18
13/09/2019,14:00,265,243,22
13/09/2019,15:00,289,277,12
13/09/2019,16:00,301,279,22
13/09/2019,17:00,260,238,22
13/09/2019,18:00,222,194,28
13/09/2019,19:00,147,128,19
13/09/2019,20:00,76,73,3
13/09/2019,21:00,56,56,0
13/09/2019,22:00,36,36,0
13/09/2019,23:00,24,22,2
14/09/2019,0:00,6,6,0
14/09/2019,1:00,3,3,0
14/09/2019,2:00,6,6,0
14/09/2019,3:00,5,5,0
14/09/2019,4:00,3,3,0
14/09/2019,5:00,17,13,4
14/09/2019,6:00,75,67,8
14/09/2019,7:00,167,157,10
14/09/2019,8:00,238,218,20
14/09/2019,9:00,293,258,35
14/09/2019,10:00,299,253,46
14/09/2019,11:00,297,272,25
14/09/2019,12:00,291,247,44
14/09/2019,13:00,233,199,34
14/09/2019,14:00,216,183,33
14/09/2019,15:00,227,178,49
14/09/2019,16:00,251,221,30
14/09/2019,17:00,274,243,31
14/09/2019,18:00,267,233,34
14/09/2019,19:00,146,121,25
14/09/2019,20:00,100,96,4
14/09/2019,21:00,56,56,0
14/09/2019,22:00,26,26,0
14/09/2019,23:00,27,26,1
15/09/2019,0:00,22,22,0
15/09/2019,1:00,11,11,0
15/09/2019,2:00,7,7,0
15/09/2019,3:00,2,2,0
15/09/2019,4:00,2,2,0
15/09/2019,5:00,3,3,0
15/09/2019,6:00,3,3,0
15/09/2019,7:00,5,5,0
15/09/2019,8:00,2,2,0
15/09/2019,9:00,14,14,0
15/09/2019,10:00,28,27,1
15/09/2019,11:00,80,77,3
15/09/2019,12:00,201,191,10
15/09/2019,13:00,233,216,17
15/09/2019,14:00,273,243,30
15/09/2019,15:00,232,207,25
15/09/2019,16:00,251,216,35
15/09/2019,17:00,227,199,28
15/09/2019,18:00,201,184,17
15/09/2019,19:00,157,147,10
15/09/2019,20:00,84,84,0
15/09/2019,21:00,52,52,0
15/09/2019,22:00,27,27,0
15/09/2019,23:00,12,12,0
16/09/2019,0:00,3,3,0
16/09/2019,1:00,4,4,0
16/09/2019,2:00,2,2,0
16/09/2019,3:00,4,4,0
16/09/2019,4:00,7,7,0
16/09/2019,5:00,33,31,2
16/09/2019,6:00,96,90,6
16/09/2019,7:00,210,197,13
16/09/2019,8:00,230,217,13
16/09/2019,9:00,180,156,24
16/09/2019,10:00,182,162,20
16/09/2019,11:00,254,244,10
16/09/2019,12:00,274,266,8
16/09/2019,13:00,247,234,13
16/09/2019,14:00,243,232,11
16/09/2019,15:00,293,280,13
16/09/2019,16:00,386,363,23
16/09/2019,17:00,371,326,45
16/09/2019,18:00,358,310,48
16/09/2019,19:00,147,136,11
16/09/2019,20:00,57,56,1
16/09/2019,21:00,36,36,0
16/09/2019,22:00,23,22,1
16/09/2019,23:00,13,13,0
17/09/2019,0:00,3,3,0
17/09/2019,1:00,0,0,0
17/09/2019,2:00,0,0,0
17/09/2019,3:00,2,2,0
17/09/2019,4:00,9,9,0
17/09/2019,5:00,28,25,3
17/09/2019,6:00,116,105,11
17/09/2019,7:00,245,238,7
17/09/2019,8:00,177,167,10
17/09/2019,9:00,127,116,11
17/09/2019,10:00,194,177,17
17/09/2019,11:00,262,252,10
17/09/2019,12:00,307,297,10
17/09/2019,13:00,249,236,13
17/09/2019,14:00,245,232,13
17/09/2019,15:00,307,297,10
17/09/2019,16:00,408,383,25
17/09/2019,17:00,434,401,33
17/09/2019,18:00,364,331,33
17/09/2019,19:00,256,233,23
17/09/2019,20:00,118,115,3
17/09/2019,21:00,43,43,0
17/09/2019,22:00,36,36,0
17/09/2019,23:00,12,12,0
18/09/2019,0:00,11,10,1
18/09/2019,1:00,3,3,0
18/09/2019,2:00,1,1,0
18/09/2019,3:00,1,1,0
18/09/2019,4:00,12,12,0
18/09/2019,5:00,38,34,4
18/09/2019,6:00,157,145,12
18/09/2019,7:00,362,344,18
18/09/2019,8:00,288,272,16
18/09/2019,9:00,229,208,21
18/09/2019,10:00,219,200,19
18/09/2019,11:00,289,277,12
18/09/2019,12:00,302,295,7
18/09/2019,13:00,248,229,19
18/09/2019,14:00,250,242,8
18/09/2019,15:00,309,295,14
18/09/2019,16:00,465,437,28
18/09/2019,17:00,532,488,44
18/09/2019,18:00,452,422,30
18/09/2019,19:00,289,273,16
18/09/2019,20:00,152,151,1
18/09/2019,21:00,72,72,0
18/09/2019,22:00,32,32,0
18/09/2019,23:00,20,20,0
19/09/2019,0:00,5,5,0
19/09/2019,1:00,3,3,0
19/09/2019,2:00,4,4,0
19/09/2019,3:00,4,4,0
19/09/2019,4:00,6,6,0
19/09/2019,5:00,60,57,3
19/09/2019,6:00,161,150,11
19/09/2019,7:00,421,410,11
19/09/2019,8:00,298,281,17
19/09/2019,9:00,230,215,15
19/09/2019,10:00,212,195,17
19/09/2019,11:00,311,299,12
19/09/2019,12:00,354,348,6
19/09/2019,13:00,268,261,7
19/09/2019,14:00,270,252,18
19/09/2019,15:00,312,295,17
19/09/2019,16:00,404,371,33
19/09/2019,17:00,417,392,25
19/09/2019,18:00,383,343,40
19/09/2019,19:00,252,241,11
19/09/2019,20:00,138,138,0
19/09/2019,21:00,95,94,1
19/09/2019,22:00,52,52,0
19/09/2019,23:00,18,18,0
20/09/2019,0:00,7,7,0
20/09/2019,1:00,7,5,2
20/09/2019,2:00,4,2,2
20/09/2019,3:00,4,4,0
20/09/2019,4:00,6,6,0
20/09/2019,5:00,17,13,4
20/09/2019,6:00,77,76,1
20/09/2019,7:00,246,227,19
20/09/2019,8:00,235,226,9
20/09/2019,9:00,257,240,17
20/09/2019,10:00,262,230,32
20/09/2019,11:00,298,281,17
20/09/2019,12:00,314,302,12
20/09/2019,13:00,210,193,17
20/09/2019,14:00,292,277,15
20/09/2019,15:00,305,291,14
20/09/2019,16:00,385,372,13
20/09/2019,17:00,441,415,26
20/09/2019,18:00,357,326,31
20/09/2019,19:00,242,235,7
20/09/2019,20:00,131,130,1
20/09/2019,21:00,102,102,0
20/09/2019,22:00,43,43,0
20/09/2019,23:00,21,21,0
21/09/2019,0:00,17,17,0
21/09/2019,1:00,8,8,0
21/09/2019,2:00,8,8,0
21/09/2019,3:00,8,8,0
21/09/2019,4:00,2,2,0
21/09/2019,5:00,15,15,0
21/09/2019,6:00,60,50,10
21/09/2019,7:00,182,162,20
21/09/2019,8:00,226,207,19
21/09/2019,9:00,106,98,8
21/09/2019,10:00,35,19,16
21/09/2019,11:00,14,9,5
21/09/2019,12:00,26,24,2
21/09/2019,13:00,123,116,7
21/09/2019,14:00,192,188,4
21/09/2019,15:00,234,210,24
21/09/2019,16:00,223,194,29
21/09/2019,17:00,238,218,20
21/09/2019,18:00,216,208,8
21/09/2019,19:00,115,112,3
21/09/2019,20:00,28,28,0
21/09/2019,21:00,18,18,0
21/09/2019,22:00,22,22,0
21/09/2019,23:00,13,13,0
22/09/2019,0:00,3,3,0
22/09/2019,1:00,2,2,0
22/09/2019,2:00,4,4,0
22/09/2019,3:00,4,4,0
22/09/2019,4:00,3,3,0
22/09/2019,5:00,6,6,0
22/09/2019,6:00,31,26,5
22/09/2019,7:00,71,60,11
22/09/2019,8:00,161,133,28
22/09/2019,9:00,161,148,13
22/09/2019,10:00,211,179,32
22/09/2019,11:00,202,177,25
22/09/2019,12:00,230,213,17
22/09/2019,13:00,183,172,11
22/09/2019,14:00,64,53,11
22/09/2019,15:00,104,92,12
22/09/2019,16:00,109,99,10
22/09/2019,17:00,25,21,4
22/09/2019,18:00,68,66,2
22/09/2019,19:00,50,48,2
22/09/2019,20:00,38,38,0
22/09/2019,21:00,21,21,0
22/09/2019,22:00,2,2,0
22/09/2019,23:00,3,3,0
23/09/2019,0:00,1,1,0
23/09/2019,1:00,0,0,0
23/09/2019,2:00,0,0,0
23/09/2019,3:00,1,1,0
23/09/2019,4:00,8,8,0
23/09/2019,5:00,26,24,2
23/09/2019,6:00,97,94,3
23/09/2019,7:00,269,257,12
23/09/2019,8:00,241,231,10
23/09/2019,9:00,231,208,23
23/09/2019,10:00,254,227,27
23/09/2019,11:00,343,321,22
23/09/2019,12:00,341,312,29
23/09/2019,13:00,264,231,33
23/09/2019,14:00,285,259,26
23/09/2019,15:00,297,276,21
23/09/2019,16:00,426,395,31
23/09/2019,17:00,486,439,47
23/09/2019,18:00,372,342,30
23/09/2019,19:00,229,216,13
23/09/2019,20:00,134,134,0
23/09/2019,21:00,36,36,0
23/09/2019,22:00,25,25,0
23/09/2019,23:00,17,17,0
24/09/2019,0:00,6,6,0
24/09/2019,1:00,5,5,0
24/09/2019,2:00,2,2,0
24/09/2019,3:00,4,4,0
24/09/2019,4:00,10,10,0
24/09/2019,5:00,41,41,0
24/09/2019,6:00,147,141,6
24/09/2019,7:00,412,399,13
24/09/2019,8:00,288,277,11
24/09/2019,9:00,217,201,16
24/09/2019,10:00,199,181,18
24/09/2019,11:00,322,304,18
24/09/2019,12:00,316,306,10
24/09/2019,13:00,267,252,15
24/09/2019,14:00,293,274,19
24/09/2019,15:00,352,326,26
24/09/2019,16:00,427,401,26
24/09/2019,17:00,455,426,29
24/09/2019,18:00,341,318,23
24/09/2019,19:00,179,170,9
24/09/2019,20:00,115,114,1
24/09/2019,21:00,42,42,0
24/09/2019,22:00,23,23,0
24/09/2019,23:00,6,6,0
25/09/2019,0:00,3,3,0
25/09/2019,1:00,2,2,0
25/09/2019,2:00,1,1,0
25/09/2019,3:00,3,3,0
25/09/2019,4:00,10,10,0
25/09/2019,5:00,22,22,0
25/09/2019,6:00,32,30,2
25/09/2019,7:00,167,165,2
25/09/2019,8:00,130,122,8
25/09/2019,9:00,98,94,4
25/09/2019,10:00,131,128,3
25/09/2019,11:00,177,171,6
25/09/2019,12:00,272,265,7
25/09/2019,13:00,270,252,18
25/09/2019,14:00,306,290,16
25/09/2019,15:00,389,374,15
25/09/2019,16:00,527,504,23
25/09/2019,17:00,498,460,38
25/09/2019,18:00,391,370,21
25/09/2019,19:00,226,218,8
25/09/2019,20:00,90,88,2
25/09/2019,21:00,50,50,0
25/09/2019,22:00,22,22,0
25/09/2019,23:00,8,8,0
26/09/2019,0:00,10,10,0
26/09/2019,1:00,5,5,0
26/09/2019,2:00,4,4,0
26/09/2019,3:00,3,3,0
26/09/2019,4:00,7,7,0
26/09/2019,5:00,43,39,4
26/09/2019,6:00,144,139,5
26/09/2019,7:00,433,420,13
26/09/2019,8:00,350,338,12
26/09/2019,9:00,253,238,15
26/09/2019,10:00,246,227,19
26/09/2019,11:00,304,285,19
26/09/2019,12:00,355,340,15
26/09/2019,13:00,296,273,23
26/09/2019,14:00,315,298,17
26/09/2019,15:00,428,406,22
26/09/2019,16:00,493,470,23
26/09/2019,17:00,565,532,33
26/09/2019,18:00,478,443,35
26/09/2019,19:00,297,289,8
26/09/2019,20:00,147,145,2
26/09/2019,21:00,102,101,1
26/09/2019,22:00,47,47,0
26/09/2019,23:00,31,31,0
27/09/2019,0:00,10,10,0
27/09/2019,1:00,6,6,0
27/09/2019,2:00,4,4,0
27/09/2019,3:00,2,2,0
27/09/2019,4:00,9,9,0
27/09/2019,5:00,34,32,2
27/09/2019,6:00,129,124,5
27/09/2019,7:00,288,278,10
27/09/2019,8:00,208,198,10
27/09/2019,9:00,178,165,13
27/09/2019,10:00,187,181,6
27/09/2019,11:00,79,77,2
27/09/2019,12:00,30,29,1
27/09/2019,13:00,59,55,4
27/09/2019,14:00,112,111,1
27/09/2019,15:00,223,223,0
27/09/2019,16:00,283,274,9
27/09/2019,17:00,365,352,13
27/09/2019,18:00,302,286,16
27/09/2019,19:00,216,213,3
27/09/2019,20:00,117,117,0
27/09/2019,21:00,65,65,0
27/09/2019,22:00,8,8,0
27/09/2019,23:00,14,14,0
28/09/2019,0:00,3,3,0
28/09/2019,1:00,1,1,0
28/09/2019,2:00,0,0,0
28/09/2019,3:00,0,0,0
28/09/2019,4:00,0,0,0
28/09/2019,5:00,0,0,0
28/09/2019,6:00,6,6,0
28/09/2019,7:00,35,28,7
28/09/2019,8:00,94,81,13
28/09/2019,9:00,217,191,26
28/09/2019,10:00,308,287,21
28/09/2019,11:00,358,320,38
28/09/2019,12:00,345,314,31
28/09/2019,13:00,294,270,24
28/09/2019,14:00,281,253,28
28/09/2019,15:00,214,198,16
28/09/2019,16:00,287,268,19
28/09/2019,17:00,279,261,18
28/09/2019,18:00,177,162,15
28/09/2019,19:00,98,95,3
28/09/2019,20:00,52,52,0
28/09/2019,21:00,23,23,0
28/09/2019,22:00,31,31,0
28/09/2019,23:00,13,13,0
29/09/2019,0:00,7,7,0
29/09/2019,1:00,7,7,0
29/09/2019,2:00,8,8,0
29/09/2019,3:00,0,0,0
29/09/2019,4:00,0,0,0
29/09/2019,5:00,0,0,0
29/09/2019,6:00,2,2,0
29/09/2019,7:00,18,15,3
29/09/2019,8:00,38,24,14
29/09/2019,9:00,63,40,23
29/09/2019,10:00,218,181,37
29/09/2019,11:00,270,234,36
29/09/2019,12:00,314,276,38
29/09/2019,13:00,237,214,23
29/09/2019,14:00,212,189,23
29/09/2019,15:00,207,179,28
29/09/2019,16:00,178,157,21
29/09/2019,17:00,22,22,0
29/09/2019,18:00,45,42,3
29/09/2019,19:00,19,19,0
29/09/2019,20:00,15,15,0
29/09/2019,21:00,24,24,0
29/09/2019,22:00,13,12,1
29/09/2019,23:00,6,6,0
30/09/2019,0:00,0,0,0
30/09/2019,1:00,8,8,0
30/09/2019,2:00,3,3,0
30/09/2019,3:00,4,4,0
30/09/2019,4:00,6,6,0
30/09/2019,5:00,32,30,2
30/09/2019,6:00,87,83,4
30/09/2019,7:00,262,246,16
30/09/2019,8:00,223,208,15
30/09/2019,9:00,235,212,23
30/09/2019,10:00,277,254,23
30/09/2019,11:00,354,331,23
30/09/2019,12:00,423,403,20
30/09/2019,13:00,312,302,10
30/09/2019,14:00,331,321,10
30/09/2019,15:00,384,372,12
30/09/2019,16:00,522,510,12
30/09/2019,17:00,524,487,37
30/09/2019,18:00,390,371,19
30/09/2019,19:00,212,206,6
30/09/2019,20:00,153,152,1
30/09/2019,21:00,75,74,1
30/09/2019,22:00,30,29,1
30/09/2019,23:00,15,15,0
1/10/2019,0:00,4,4,0
1/10/2019,1:00,4,4,0
1/10/2019,2:00,1,1,0
1/10/2019,3:00,1,1,0
1/10/2019,4:00,13,12,1
1/10/2019,5:00,41,36,5
1/10/2019,6:00,124,118,6
1/10/2019,7:00,334,322,12
1/10/2019,8:00,314,307,7
1/10/2019,9:00,246,230,16
1/10/2019,10:00,271,249,22
1/10/2019,11:00,373,357,16
1/10/2019,12:00,372,362,10
1/10/2019,13:00,301,288,13
1/10/2019,14:00,303,291,12
1/10/2019,15:00,351,337,14
1/10/2019,16:00,561,548,13
1/10/2019,17:00,607,585,22
1/10/2019,18:00,465,435,30
1/10/2019,19:00,241,239,2
1/10/2019,20:00,134,129,5
1/10/2019,21:00,56,54,2
1/10/2019,22:00,28,28,0
1/10/2019,23:00,17,17,0
2/10/2019,0:00,11,11,0
2/10/2019,1:00,4,4,0
2/10/2019,2:00,3,3,0
2/10/2019,3:00,8,8,0
2/10/2019,4:00,9,8,1
2/10/2019,5:00,30,29,1
2/10/2019,6:00,124,118,6
2/10/2019,7:00,281,270,11
2/10/2019,8:00,286,275,11
2/10/2019,9:00,236,219,17
2/10/2019,10:00,191,177,14
2/10/2019,11:00,249,237,12
2/10/2019,12:00,274,269,5
2/10/2019,13:00,234,222,12
2/10/2019,14:00,271,255,16
2/10/2019,15:00,222,208,14
2/10/2019,16:00,281,268,13
2/10/2019,17:00,317,299,18
2/10/2019,18:00,211,186,25
2/10/2019,19:00,96,94,2
2/10/2019,20:00,54,54,0
2/10/2019,21:00,26,26,0
2/10/2019,22:00,13,13,0
2/10/2019,23:00,13,13,0
3/10/2019,0:00,3,3,0
3/10/2019,1:00,4,4,0
3/10/2019,2:00,2,2,0
3/10/2019,3:00,1,1,0
3/10/2019,4:00,0,0,0
3/10/2019,5:00,23,22,1
3/10/2019,6:00,70,65,5
3/10/2019,7:00,236,228,8
3/10/2019,8:00,178,174,4
3/10/2019,9:00,129,123,6
3/10/2019,10:00,136,130,6
3/10/2019,11:00,146,138,8
3/10/2019,12:00,258,254,4
3/10/2019,13:00,208,202,6
3/10/2019,14:00,204,195,9
3/10/2019,15:00,232,222,10
3/10/2019,16:00,263,251,12
3/10/2019,17:00,295,279,16
3/10/2019,18:00,200,182,18
3/10/2019,19:00,111,109,2
3/10/2019,20:00,58,57,1
3/10/2019,21:00,36,34,2
3/10/2019,22:00,20,20,0
3/10/2019,23:00,16,16,0
4/10/2019,0:00,4,4,0
4/10/2019,1:00,5,5,0
4/10/2019,2:00,2,2,0
4/10/2019,3:00,4,4,0
4/10/2019,4:00,8,8,0
4/10/2019,5:00,25,25,0
4/10/2019,6:00,121,117,4
4/10/2019,7:00,341,331,10
4/10/2019,8:00,282,279,3
4/10/2019,9:00,259,251,8
4/10/2019,10:00,239,223,16
4/10/2019,11:00,339,317,22
4/10/2019,12:00,388,367,21
4/10/2019,13:00,279,270,9
4/10/2019,14:00,272,258,14
4/10/2019,15:00,317,303,14
4/10/2019,16:00,403,384,19
4/10/2019,17:00,357,338,19
4/10/2019,18:00,283,268,15
4/10/2019,19:00,131,128,3
4/10/2019,20:00,71,70,1
4/10/2019,21:00,56,56,0
4/10/2019,22:00,36,36,0
4/10/2019,23:00,19,19,0
5/10/2019,0:00,8,8,0
5/10/2019,1:00,5,5,0
5/10/2019,2:00,1,1,0
5/10/2019,3:00,4,4,0
5/10/2019,4:00,4,4,0
5/10/2019,5:00,15,13,2
5/10/2019,6:00,72,71,1
5/10/2019,7:00,134,126,8
5/10/2019,8:00,207,200,7
5/10/2019,9:00,360,349,11
5/10/2019,10:00,285,271,14
5/10/2019,11:00,314,299,15
5/10/2019,12:00,288,275,13
5/10/2019,13:00,285,244,41
5/10/2019,14:00,257,238,19
5/10/2019,15:00,269,231,38
5/10/2019,16:00,203,189,14
5/10/2019,17:00,38,38,0
5/10/2019,18:00,63,63,0
5/10/2019,19:00,58,58,0
5/10/2019,20:00,59,59,0
5/10/2019,21:00,45,45,0
5/10/2019,22:00,48,47,1
5/10/2019,23:00,17,15,2
6/10/2019,0:00,3,3,0
6/10/2019,1:00,11,10,1
6/10/2019,2:00,5,5,0
6/10/2019,3:00,3,3,0
6/10/2019,4:00,5,5,0
6/10/2019,5:00,1,1,0
6/10/2019,6:00,26,25,1
6/10/2019,7:00,76,63,13
6/10/2019,8:00,172,159,13
6/10/2019,9:00,204,179,25
6/10/2019,10:00,293,260,33
6/10/2019,11:00,327,289,38
6/10/2019,12:00,384,349,35
6/10/2019,13:00,320,269,51
6/10/2019,14:00,316,260,56
6/10/2019,15:00,299,236,63
6/10/2019,16:00,309,276,33
6/10/2019,17:00,251,228,23
6/10/2019,18:00,190,180,10
6/10/2019,19:00,63,59,4
6/10/2019,20:00,39,39,0
6/10/2019,21:00,30,30,0
6/10/2019,22:00,11,11,0
6/10/2019,23:00,6,6,0
7/10/2019,0:00,3,3,0
7/10/2019,1:00,7,7,0
7/10/2019,2:00,1,1,0
7/10/2019,3:00,3,3,0
7/10/2019,4:00,13,13,0
7/10/2019,5:00,29,26,3
7/10/2019,6:00,138,132,6
7/10/2019,7:00,447,440,7
7/10/2019,8:00,347,341,6
7/10/2019,9:00,260,254,6
7/10/2019,10:00,264,254,10
7/10/2019,11:00,370,358,12
7/10/2019,12:00,414,399,15
7/10/2019,13:00,352,333,19
7/10/2019,14:00,329,319,10
7/10/2019,15:00,470,459,11
7/10/2019,16:00,557,505,52
7/10/2019,17:00,533,511,22
7/10/2019,18:00,416,406,10
7/10/2019,19:00,204,199,5
7/10/2019,20:00,135,133,2
7/10/2019,21:00,65,63,2
7/10/2019,22:00,27,26,1
7/10/2019,23:00,12,12,0
8/10/2019,0:00,9,9,0
8/10/2019,1:00,1,1,0
8/10/2019,2:00,4,4,0
8/10/2019,3:00,5,5,0
8/10/2019,4:00,8,8,0
8/10/2019,5:00,42,41,1
8/10/2019,6:00,158,153,5
8/10/2019,7:00,472,464,8
8/10/2019,8:00,366,361,5
8/10/2019,9:00,244,237,7
8/10/2019,10:00,273,268,5
8/10/2019,11:00,382,370,12
8/10/2019,12:00,384,367,17
8/10/2019,13:00,308,294,14
8/10/2019,14:00,367,344,23
8/10/2019,15:00,407,385,22
8/10/2019,16:00,558,529,29
8/10/2019,17:00,614,572,42
8/10/2019,18:00,453,435,18
8/10/2019,19:00,288,284,4
8/10/2019,20:00,137,136,1
8/10/2019,21:00,92,92,0
8/10/2019,22:00,43,43,0
8/10/2019,23:00,16,16,0
9/10/2019,0:00,12,12,0
9/10/2019,1:00,10,10,0
9/10/2019,2:00,3,3,0
9/10/2019,3:00,3,3,0
9/10/2019,4:00,12,12,0
9/10/2019,5:00,40,38,2
9/10/2019,6:00,166,155,11
9/10/2019,7:00,483,473,10
9/10/2019,8:00,309,304,5
9/10/2019,9:00,264,251,13
9/10/2019,10:00,266,252,14
9/10/2019,11:00,347,340,7
9/10/2019,12:00,350,330,20
9/10/2019,13:00,296,269,27
9/10/2019,14:00,330,301,29
9/10/2019,15:00,363,349,14
9/10/2019,16:00,477,461,16
9/10/2019,17:00,503,470,33
9/10/2019,18:00,453,441,12
9/10/2019,19:00,209,208,1
9/10/2019,20:00,126,126,0
9/10/2019,21:00,45,45,0
9/10/2019,22:00,37,37,0
9/10/2019,23:00,16,16,0
10/10/2019,0:00,7,7,0
10/10/2019,1:00,8,8,0
10/10/2019,2:00,6,6,0
10/10/2019,3:00,5,5,0
10/10/2019,4:00,7,7,0
10/10/2019,5:00,59,58,1
10/10/2019,6:00,125,120,5
10/10/2019,7:00,303,294,9
10/10/2019,8:00,210,203,7
10/10/2019,9:00,126,117,9
10/10/2019,10:00,158,142,16
10/10/2019,11:00,168,164,4
10/10/2019,12:00,246,235,11
10/10/2019,13:00,96,91,5
10/10/2019,14:00,54,54,0
10/10/2019,15:00,167,167,0
10/10/2019,16:00,255,248,7
10/10/2019,17:00,348,334,14
10/10/2019,18:00,221,214,7
10/10/2019,19:00,109,108,1
10/10/2019,20:00,69,69,0
10/10/2019,21:00,46,46,0
10/10/2019,22:00,28,28,0
10/10/2019,23:00,11,11,0
11/10/2019,0:00,12,12,0
11/10/2019,1:00,6,6,0
11/10/2019,2:00,3,3,0
11/10/2019,3:00,4,4,0
11/10/2019,4:00,3,3,0
11/10/2019,5:00,7,7,0
11/10/2019,6:00,22,21,1
11/10/2019,7:00,43,39,4
11/10/2019,8:00,54,54,0
11/10/2019,9:00,64,62,2
11/10/2019,10:00,103,102,1
11/10/2019,11:00,149,148,1
11/10/2019,12:00,106,105,1
11/10/2019,13:00,65,65,0
11/10/2019,14:00,91,89,2
11/10/2019,15:00,119,116,3
11/10/2019,16:00,171,170,1
11/10/2019,17:00,218,215,3
11/10/2019,18:00,132,132,0
11/10/2019,19:00,84,84,0
11/10/2019,20:00,58,58,0
11/10/2019,21:00,40,40,0
11/10/2019,22:00,29,29,0
11/10/2019,23:00,12,12,0
12/10/2019,0:00,17,17,0
12/10/2019,1:00,5,5,0
12/10/2019,2:00,8,8,0
12/10/2019,3:00,4,4,0
12/10/2019,4:00,4,4,0
12/10/2019,5:00,6,4,2
12/10/2019,6:00,45,45,0
12/10/2019,7:00,94,93,1
12/10/2019,8:00,210,205,5
12/10/2019,9:00,265,261,4
12/10/2019,10:00,306,298,8
12/10/2019,11:00,278,272,6
12/10/2019,12:00,289,285,4
12/10/2019,13:00,260,254,6
12/10/2019,14:00,226,220,6
12/10/2019,15:00,245,235,10
12/10/2019,16:00,257,252,5
12/10/2019,17:00,303,295,8
12/10/2019,18:00,213,212,1
12/10/2019,19:00,134,133,1
12/10/2019,20:00,91,91,0
12/10/2019,21:00,85,85,0
12/10/2019,22:00,50,50,0
12/10/2019,23:00,40,40,0
13/10/2019,0:00,18,18,0
13/10/2019,1:00,15,15,0
13/10/2019,2:00,6,6,0
13/10/2019,3:00,8,8,0
13/10/2019,4:00,3,3,0
13/10/2019,5:00,7,7,0
13/10/2019,6:00,27,27,0
13/10/2019,7:00,55,53,2
13/10/2019,8:00,165,161,4
13/10/2019,9:00,190,187,3
13/10/2019,10:00,232,228,4
13/10/2019,11:00,226,217,9
13/10/2019,12:00,321,302,19
13/10/2019,13:00,286,258,28
13/10/2019,14:00,277,250,27
13/10/2019,15:00,296,272,24
13/10/2019,16:00,268,253,15
13/10/2019,17:00,246,233,13
13/10/2019,18:00,218,211,7
13/10/2019,19:00,120,120,0
13/10/2019,20:00,68,68,0
13/10/2019,21:00,39,39,0
13/10/2019,22:00,25,25,0
13/10/2019,23:00,16,16,0
14/10/2019,0:00,8,8,0
14/10/2019,1:00,7,7,0
14/10/2019,2:00,3,3,0
14/10/2019,3:00,5,5,0
14/10/2019,4:00,8,8,0
14/10/2019,5:00,24,24,0
14/10/2019,6:00,116,113,3
14/10/2019,7:00,337,332,5
14/10/2019,8:00,330,328,2
14/10/2019,9:00,277,276,1
14/10/2019,10:00,237,232,5
14/10/2019,11:00,329,323,6
14/10/2019,12:00,402,391,11
14/10/2019,13:00,347,333,14
14/10/2019,14:00,322,305,17
14/10/2019,15:00,348,334,14
14/10/2019,16:00,474,455,19
14/10/2019,17:00,478,451,27
14/10/2019,18:00,367,362,5
14/10/2019,19:00,159,156,3
14/10/2019,20:00,99,98,1
14/10/2019,21:00,71,70,1
14/10/2019,22:00,40,40,0
14/10/2019,23:00,25,25,0
15/10/2019,0:00,15,15,0
15/10/2019,1:00,5,5,0
15/10/2019,2:00,2,2,0
15/10/2019,3:00,6,6,0
15/10/2019,4:00,17,17,0
15/10/2019,5:00,51,51,0
15/10/2019,6:00,166,165,1
15/10/2019,7:00,332,326,6
15/10/2019,8:00,176,176,0
15/10/2019,9:00,130,125,5
15/10/2019,10:00,103,99,4
15/10/2019,11:00,130,121,9
15/10/2019,12:00,168,160,8
15/10/2019,13:00,179,173,6
15/10/2019,14:00,179,165,14
15/10/2019,15:00,157,148,9
15/10/2019,16:00,264,249,15
15/10/2019,17:00,350,335,15
15/10/2019,18:00,220,213,7
15/10/2019,19:00,107,105,2
15/10/2019,20:00,74,73,1
15/10/2019,21:00,39,39,0
15/10/2019,22:00,20,20,0
15/10/2019,23:00,2,2,0
16/10/2019,0:00,2,2,0
16/10/2019,1:00,1,1,0
16/10/2019,2:00,0,0,0
16/10/2019,3:00,8,8,0
16/10/2019,4:00,8,8,0
16/10/2019,5:00,32,32,0
16/10/2019,6:00,118,117,1
16/10/2019,7:00,320,318,2
16/10/2019,8:00,213,211,2
16/10/2019,9:00,127,127,0
16/10/2019,10:00,120,119,1
16/10/2019,11:00,158,157,1
16/10/2019,12:00,164,164,0
16/10/2019,13:00,130,126,4
16/10/2019,14:00,183,180,3
16/10/2019,15:00,273,268,5
16/10/2019,16:00,268,265,3
16/10/2019,17:00,285,280,5
16/10/2019,18:00,214,213,1
16/10/2019,19:00,121,121,0
16/10/2019,20:00,63,63,0
16/10/2019,21:00,32,32,0
16/10/2019,22:00,26,26,0
16/10/2019,23:00,8,8,0
17/10/2019,0:00,7,7,0
17/10/2019,1:00,6,6,0
17/10/2019,2:00,3,3,0
17/10/2019,3:00,4,4,0
17/10/2019,4:00,7,7,0
17/10/2019,5:00,35,35,0
17/10/2019,6:00,129,129,0
17/10/2019,7:00,429,425,4
17/10/2019,8:00,323,323,0
17/10/2019,9:00,248,246,2
17/10/2019,10:00,233,230,3
17/10/2019,11:00,294,290,4
17/10/2019,12:00,321,318,3
17/10/2019,13:00,288,282,6
17/10/2019,14:00,317,308,9
17/10/2019,15:00,412,403,9
17/10/2019,16:00,412,394,18
17/10/2019,17:00,508,481,27
17/10/2019,18:00,343,331,12
17/10/2019,19:00,196,195,1
17/10/2019,20:00,123,123,0
17/10/2019,21:00,51,51,0
17/10/2019,22:00,34,34,0
17/10/2019,23:00,9,9,0
18/10/2019,0:00,8,8,0
18/10/2019,1:00,8,8,0
18/10/2019,2:00,6,6,0
18/10/2019,3:00,6,6,0
18/10/2019,4:00,15,15,0
18/10/2019,5:00,34,34,0
18/10/2019,6:00,122,122,0
18/10/2019,7:00,331,329,2
18/10/2019,8:00,316,314,2
18/10/2019,9:00,255,253,2
18/10/2019,10:00,240,234,6
18/10/2019,11:00,275,266,9
18/10/2019,12:00,338,335,3
18/10/2019,13:00,283,277,6
18/10/2019,14:00,288,268,20
18/10/2019,15:00,347,334,13
18/10/2019,16:00,470,451,19
18/10/2019,17:00,446,430,16
18/10/2019,18:00,356,350,6
18/10/2019,19:00,197,197,0
18/10/2019,20:00,120,120,0
18/10/2019,21:00,77,77,0
18/10/2019,22:00,72,72,0
18/10/2019,23:00,28,28,0
19/10/2019,0:00,24,24,0
19/10/2019,1:00,21,21,0
19/10/2019,2:00,7,7,0
19/10/2019,3:00,7,7,0
19/10/2019,4:00,3,3,0
19/10/2019,5:00,13,13,0
19/10/2019,6:00,49,48,1
19/10/2019,7:00,122,117,5
19/10/2019,8:00,185,175,10
19/10/2019,9:00,244,234,10
19/10/2019,10:00,350,329,21
19/10/2019,11:00,319,303,16
19/10/2019,12:00,396,367,29
19/10/2019,13:00,330,297,33
19/10/2019,14:00,374,339,35
19/10/2019,15:00,323,287,36
19/10/2019,16:00,338,306,32
19/10/2019,17:00,332,318,14
19/10/2019,18:00,232,231,1
19/10/2019,19:00,43,43,0
19/10/2019,20:00,31,31,0
19/10/2019,21:00,44,44,0
19/10/2019,22:00,34,34,0
19/10/2019,23:00,27,27,0
20/10/2019,0:00,10,10,0
20/10/2019,1:00,4,4,0
20/10/2019,2:00,6,6,0
20/10/2019,3:00,5,5,0
20/10/2019,4:00,5,5,0
20/10/2019,5:00,5,5,0
20/10/2019,6:00,11,9,2
20/10/2019,7:00,67,59,8
20/10/2019,8:00,98,90,8
20/10/2019,9:00,136,127,9
20/10/2019,10:00,226,208,18
20/10/2019,11:00,242,210,32
20/10/2019,12:00,361,338,23
20/10/2019,13:00,360,299,61
20/10/2019,14:00,380,316,64
20/10/2019,15:00,588,550,38
20/10/2019,16:00,341,304,37
20/10/2019,17:00,278,253,25
20/10/2019,18:00,175,174,1
20/10/2019,19:00,122,122,0
20/10/2019,20:00,63,63,0
20/10/2019,21:00,33,33,0
20/10/2019,22:00,16,16,0
20/10/2019,23:00,6,6,0
21/10/2019,0:00,5,5,0
21/10/2019,1:00,4,4,0
21/10/2019,2:00,4,4,0
21/10/2019,3:00,2,2,0
21/10/2019,4:00,5,5,0
21/10/2019,5:00,27,25,2
21/10/2019,6:00,39,38,1
21/10/2019,7:00,46,46,0
21/10/2019,8:00,66,65,1
21/10/2019,9:00,81,81,0
21/10/2019,10:00,94,93,1
21/10/2019,11:00,111,111,0
21/10/2019,12:00,105,103,2
21/10/2019,13:00,168,164,4
21/10/2019,14:00,245,239,6
21/10/2019,15:00,286,281,5
21/10/2019,16:00,315,308,7
21/10/2019,17:00,287,279,8
21/10/2019,18:00,142,141,1
21/10/2019,19:00,87,85,2
21/10/2019,20:00,74,74,0
21/10/2019,21:00,28,28,0
21/10/2019,22:00,24,24,0
21/10/2019,23:00,10,10,0
22/10/2019,0:00,9,9,0
22/10/2019,1:00,7,7,0
22/10/2019,2:00,3,3,0
22/10/2019,3:00,4,4,0
22/10/2019,4:00,14,14,0
22/10/2019,5:00,24,24,0
22/10/2019,6:00,109,109,0
22/10/2019,7:00,242,239,3
22/10/2019,8:00,182,182,0
22/10/2019,9:00,105,105,0
22/10/2019,10:00,135,135,0
22/10/2019,11:00,117,116,1
22/10/2019,12:00,170,165,5
22/10/2019,13:00,198,191,7
22/10/2019,14:00,200,197,3
22/10/2019,15:00,180,178,2
22/10/2019,16:00,257,255,2
22/10/2019,17:00,273,265,8
22/10/2019,18:00,216,214,2
22/10/2019,19:00,109,108,1
22/10/2019,20:00,82,80,2
22/10/2019,21:00,42,42,0
22/10/2019,22:00,27,27,0
22/10/2019,23:00,9,9,0
23/10/2019,0:00,6,6,0
23/10/2019,1:00,4,4,0
23/10/2019,2:00,6,6,0
23/10/2019,3:00,2,2,0
23/10/2019,4:00,16,16,0
23/10/2019,5:00,33,32,1
23/10/2019,6:00,143,139,4
23/10/2019,7:00,291,288,3
23/10/2019,8:00,202,200,2
23/10/2019,9:00,133,132,1
23/10/2019,10:00,104,103,1
23/10/2019,11:00,158,153,5
23/10/2019,12:00,254,249,5
23/10/2019,13:00,257,244,13
23/10/2019,14:00,245,232,13
23/10/2019,15:00,293,284,9
23/10/2019,16:00,438,420,18
23/10/2019,17:00,402,378,24
23/10/2019,18:00,318,310,8
23/10/2019,19:00,157,156,1
23/10/2019,20:00,100,100,0
23/10/2019,21:00,48,48,0
23/10/2019,22:00,26,26,0
23/10/2019,23:00,13,13,0
24/10/2019,0:00,10,10,0
24/10/2019,1:00,2,2,0
24/10/2019,2:00,1,1,0
24/10/2019,3:00,4,4,0
24/10/2019,4:00,5,5,0
24/10/2019,5:00,41,41,0
24/10/2019,6:00,122,121,1
24/10/2019,7:00,272,268,4
24/10/2019,8:00,151,151,0
24/10/2019,9:00,82,78,4
24/10/2019,10:00,74,72,2
24/10/2019,11:00,116,115,1
24/10/2019,12:00,103,102,1
24/10/2019,13:00,105,105,0
24/10/2019,14:00,122,119,3
24/10/2019,15:00,128,115,13
24/10/2019,16:00,212,199,13
24/10/2019,17:00,272,257,15
24/10/2019,18:00,192,181,11
24/10/2019,19:00,110,107,3
24/10/2019,20:00,67,65,2
24/10/2019,21:00,33,33,0
24/10/2019,22:00,22,22,0
24/10/2019,23:00,8,8,0
25/10/2019,0:00,3,3,0
25/10/2019,1:00,5,5,0
25/10/2019,2:00,0,0,0
25/10/2019,3:00,4,4,0
25/10/2019,4:00,7,7,0
25/10/2019,5:00,22,22,0
25/10/2019,6:00,71,69,2
25/10/2019,7:00,169,166,3
25/10/2019,8:00,116,115,1
25/10/2019,9:00,73,72,1
25/10/2019,10:00,94,93,1
25/10/2019,11:00,133,119,14
25/10/2019,12:00,137,131,6
25/10/2019,13:00,138,135,3
25/10/2019,14:00,197,179,18
25/10/2019,15:00,186,175,11
25/10/2019,16:00,229,217,12
25/10/2019,17:00,258,250,8
25/10/2019,18:00,193,192,1
25/10/2019,19:00,132,129,3
25/10/2019,20:00,55,52,3
25/10/2019,21:00,60,60,0
25/10/2019,22:00,49,49,0
25/10/2019,23:00,21,21,0
26/10/2019,0:00,13,13,0
26/10/2019,1:00,7,7,0
26/10/2019,2:00,2,2,0
26/10/2019,3:00,5,5,0
26/10/2019,4:00,3,3,0
26/10/2019,5:00,8,8,0
26/10/2019,6:00,38,37,1
26/10/2019,7:00,101,97,4
26/10/2019,8:00,98,96,2
26/10/2019,9:00,95,94,1
26/10/2019,10:00,42,42,0
26/10/2019,11:00,34,34,0
26/10/2019,12:00,27,27,0
26/10/2019,13:00,14,14,0
26/10/2019,14:00,16,16,0
26/10/2019,15:00,2,2,0
26/10/2019,16:00,1,1,0
26/10/2019,17:00,2,2,0
26/10/2019,18:00,4,4,0
26/10/2019,19:00,4,4,0
26/10/2019,20:00,4,4,0
26/10/2019,21:00,2,2,0
26/10/2019,22:00,2,2,0
26/10/2019,23:00,0,0,0
27/10/2019,0:00,2,2,0
27/10/2019,1:00,2,2,0
27/10/2019,2:00,1,1,0
27/10/2019,3:00,3,3,0
27/10/2019,4:00,2,2,0
27/10/2019,5:00,7,7,0
27/10/2019,6:00,12,10,2
27/10/2019,7:00,48,45,3
27/10/2019,8:00,114,111,3
27/10/2019,9:00,117,115,2
27/10/2019,10:00,198,191,7
27/10/2019,11:00,213,201,12
27/10/2019,12:00,283,259,24
27/10/2019,13:00,231,207,24
27/10/2019,14:00,240,210,30
27/10/2019,15:00,306,274,32
27/10/2019,16:00,294,271,23
27/10/2019,17:00,219,202,17
27/10/2019,18:00,151,148,3
27/10/2019,19:00,82,82,0
27/10/2019,20:00,66,66,0
27/10/2019,21:00,46,46,0
27/10/2019,22:00,22,22,0
27/10/2019,23:00,10,10,0
28/10/2019,0:00,6,6,0
28/10/2019,1:00,5,5,0
28/10/2019,2:00,1,1,0
28/10/2019,3:00,5,5,0
28/10/2019,4:00,13,13,0
28/10/2019,5:00,30,30,0
28/10/2019,6:00,99,97,2
28/10/2019,7:00,198,196,2
28/10/2019,8:00,103,100,3
28/10/2019,9:00,61,59,2
28/10/2019,10:00,80,78,2
28/10/2019,11:00,121,118,3
28/10/2019,12:00,113,111,2
28/10/2019,13:00,96,91,5
28/10/2019,14:00,113,107,6
28/10/2019,15:00,147,145,2
28/10/2019,16:00,172,169,3
28/10/2019,17:00,170,166,4
28/10/2019,18:00,146,146,0
28/10/2019,19:00,79,79,0
28/10/2019,20:00,44,44,0
28/10/2019,21:00,33,33,0
28/10/2019,22:00,19,19,0
28/10/2019,23:00,6,6,0
29/10/2019,0:00,5,5,0
29/10/2019,1:00,1,1,0
29/10/2019,2:00,2,2,0
29/10/2019,3:00,1,1,0
29/10/2019,4:00,2,2,0
29/10/2019,5:00,15,15,0
29/10/2019,6:00,46,43,3
29/10/2019,7:00,130,127,3
29/10/2019,8:00,124,121,3
29/10/2019,9:00,82,80,2
29/10/2019,10:00,65,65,0
29/10/2019,11:00,83,83,0
29/10/2019,12:00,72,72,0
29/10/2019,13:00,84,83,1
29/10/2019,14:00,76,75,1
29/10/2019,15:00,124,123,1
29/10/2019,16:00,157,152,5
29/10/2019,17:00,171,162,9
29/10/2019,18:00,136,132,4
29/10/2019,19:00,63,62,1
29/10/2019,20:00,38,37,1
29/10/2019,21:00,20,20,0
29/10/2019,22:00,7,7,0
29/10/2019,23:00,0,0,0
30/10/2019,0:00,1,1,0
30/10/2019,1:00,0,0,0
30/10/2019,2:00,0,0,0
30/10/2019,3:00,0,0,0
30/10/2019,4:00,2,2,0
30/10/2019,5:00,7,7,0
30/10/2019,6:00,25,25,0
30/10/2019,7:00,106,106,0
30/10/2019,8:00,67,67,0
30/10/2019,9:00,35,33,2
30/10/2019,10:00,33,33,0
30/10/2019,11:00,42,42,0
30/10/2019,12:00,64,64,0
30/10/2019,13:00,50,49,1
30/10/2019,14:00,63,62,1
30/10/2019,15:00,63,63,0
30/10/2019,16:00,97,97,0
30/10/2019,17:00,125,125,0
30/10/2019,18:00,83,80,3
30/10/2019,19:00,27,27,0
30/10/2019,20:00,18,18,0
30/10/2019,21:00,9,9,0
30/10/2019,22:00,2,2,0
30/10/2019,23:00,3,3,0
31/10/2019,0:00,1,1,0
31/10/2019,1:00,0,0,0
31/10/2019,2:00,2,2,0
31/10/2019,3:00,1,1,0
31/10/2019,4:00,2,2,0
31/10/2019,5:00,7,7,0
31/10/2019,6:00,31,30,1
31/10/2019,7:00,111,111,0
31/10/2019,8:00,48,47,1
31/10/2019,9:00,25,25,0
31/10/2019,10:00,22,22,0
31/10/2019,11:00,29,29,0
31/10/2019,12:00,60,60,0
31/10/2019,13:00,61,61,0
31/10/2019,14:00,54,54,0
31/10/2019,15:00,105,104,1
31/10/2019,16:00,109,109,0
31/10/2019,17:00,105,105,0
31/10/2019,18:00,90,90,0
31/10/2019,19:00,109,109,0
31/10/2019,20:00,88,88,0
31/10/2019,21:00,55,55,0
31/10/2019,22:00,28,28,0
31/10/2019,23:00,18,18,0
1/11/2019,0:00,10,10,0
1/11/2019,1:00,7,7,0
1/11/2019,2:00,3,3,0
1/11/2019,3:00,6,6,0
1/11/2019,4:00,17,17,0
1/11/2019,5:00,39,39,0
1/11/2019,6:00,122,121,1
1/11/2019,7:00,368,368,0
1/11/2019,8:00,265,264,1
1/11/2019,9:00,261,261,0
1/11/2019,10:00,229,229,0
1/11/2019,11:00,325,325,0
1/11/2019,12:00,289,288,1
1/11/2019,13:00,257,257,0
1/11/2019,14:00,261,258,3
1/11/2019,15:00,258,256,2
1/11/2019,16:00,321,318,3
1/11/2019,17:00,315,311,4
1/11/2019,18:00,274,274,0
1/11/2019,19:00,110,110,0
1/11/2019,20:00,81,81,0
1/11/2019,21:00,65,65,0
1/11/2019,22:00,41,41,0
1/11/2019,23:00,11,11,0
2/11/2019,0:00,11,11,0
2/11/2019,1:00,6,6,0
2/11/2019,2:00,4,4,0
2/11/2019,3:00,3,3,0
2/11/2019,4:00,1,1,0
2/11/2019,5:00,6,6,0
2/11/2019,6:00,17,17,0
2/11/2019,7:00,53,51,2
2/11/2019,8:00,88,84,4
2/11/2019,9:00,158,157,1
2/11/2019,10:00,262,261,1
2/11/2019,11:00,285,282,3
2/11/2019,12:00,213,211,2
2/11/2019,13:00,220,219,1
2/11/2019,14:00,167,165,2
2/11/2019,15:00,166,163,3
2/11/2019,16:00,168,166,2
2/11/2019,17:00,191,185,6
2/11/2019,18:00,190,189,1
2/11/2019,19:00,140,140,0
2/11/2019,20:00,82,82,0
2/11/2019,21:00,72,72,0
2/11/2019,22:00,51,51,0
2/11/2019,23:00,28,28,0
3/11/2019,0:00,18,18,0
3/11/2019,1:00,14,14,0
3/11/2019,2:00,8,8,0
3/11/2019,3:00,4,4,0
3/11/2019,4:00,0,0,0
3/11/2019,5:00,5,5,0
3/11/2019,6:00,21,20,1
3/11/2019,7:00,50,48,2
3/11/2019,8:00,107,106,1
3/11/2019,9:00,142,136,6
3/11/2019,10:00,218,213,5
3/11/2019,11:00,262,250,12
3/11/2019,12:00,247,241,6
3/11/2019,13:00,281,269,12
3/11/2019,14:00,245,235,10
3/11/2019,15:00,231,219,12
3/11/2019,16:00,212,207,5
3/11/2019,17:00,168,167,1
3/11/2019,18:00,108,108,0
3/11/2019,19:00,59,59,0
3/11/2019,20:00,45,45,0
3/11/2019,21:00,27,27,0
3/11/2019,22:00,17,17,0
3/11/2019,23:00,17,17,0
4/11/2019,0:00,2,2,0
4/11/2019,1:00,7,7,0
4/11/2019,2:00,1,1,0
4/11/2019,3:00,3,3,0
4/11/2019,4:00,0,0,0
4/11/2019,5:00,40,39,1
4/11/2019,6:00,110,106,4
4/11/2019,7:00,297,292,5
4/11/2019,8:00,193,190,3
4/11/2019,9:00,139,137,2
4/11/2019,10:00,150,149,1
4/11/2019,11:00,181,176,5
4/11/2019,12:00,151,150,1
4/11/2019,13:00,154,152,2
4/11/2019,14:00,158,156,2
4/11/2019,15:00,210,206,4
4/11/2019,16:00,286,280,6
4/11/2019,17:00,234,232,2
4/11/2019,18:00,138,136,2
4/11/2019,19:00,77,77,0
4/11/2019,20:00,58,56,2
4/11/2019,21:00,32,32,0
4/11/2019,22:00,12,12,0
4/11/2019,23:00,9,9,0
5/11/2019,0:00,5,5,0
5/11/2019,1:00,4,4,0
5/11/2019,2:00,2,2,0
5/11/2019,3:00,3,3,0
5/11/2019,4:00,16,16,0
5/11/2019,5:00,47,47,0
5/11/2019,6:00,160,156,4
5/11/2019,7:00,353,346,7
5/11/2019,8:00,287,286,1
5/11/2019,9:00,215,214,1
5/11/2019,10:00,234,232,2
5/11/2019,11:00,280,279,1
5/11/2019,12:00,327,324,3
5/11/2019,13:00,225,219,6
5/11/2019,14:00,247,236,11
5/11/2019,15:00,296,290,6
5/11/2019,16:00,310,306,4
5/11/2019,17:00,339,333,6
5/11/2019,18:00,232,231,1
5/11/2019,19:00,137,136,1
5/11/2019,20:00,83,82,1
5/11/2019,21:00,44,43,1
5/11/2019,22:00,20,20,0
5/11/2019,23:00,11,11,0
6/11/2019,0:00,3,3,0
6/11/2019,1:00,4,4,0
6/11/2019,2:00,3,3,0
6/11/2019,3:00,4,4,0
6/11/2019,4:00,11,11,0
6/11/2019,5:00,33,32,1
6/11/2019,6:00,157,153,4
6/11/2019,7:00,380,372,8
6/11/2019,8:00,315,315,0
6/11/2019,9:00,217,214,3
6/11/2019,10:00,204,202,2
6/11/2019,11:00,265,259,6
6/11/2019,12:00,243,238,5
6/11/2019,13:00,223,218,5
6/11/2019,14:00,206,205,1
6/11/2019,15:00,227,220,7
6/11/2019,16:00,289,279,10
6/11/2019,17:00,323,318,5
6/11/2019,18:00,248,247,1
6/11/2019,19:00,96,94,2
6/11/2019,20:00,38,38,0
6/11/2019,21:00,26,26,0
6/11/2019,22:00,13,13,0
6/11/2019,23:00,3,3,0
7/11/2019,0:00,0,0,0
7/11/2019,1:00,1,1,0
7/11/2019,2:00,1,1,0
7/11/2019,3:00,3,3,0
7/11/2019,4:00,5,4,1
7/11/2019,5:00,25,25,0
7/11/2019,6:00,79,78,1
7/11/2019,7:00,205,200,5
7/11/2019,8:00,161,161,0
7/11/2019,9:00,123,123,0
7/11/2019,10:00,147,147,0
7/11/2019,11:00,184,184,0
7/11/2019,12:00,209,207,2
7/11/2019,13:00,182,181,1
7/11/2019,14:00,208,207,1
7/11/2019,15:00,224,224,0
7/11/2019,16:00,283,283,0
7/11/2019,17:00,253,252,1
7/11/2019,18:00,199,199,0
7/11/2019,19:00,117,117,0
7/11/2019,20:00,78,78,0
7/11/2019,21:00,43,43,0
7/11/2019,22:00,21,21,0
7/11/2019,23:00,8,8,0
8/11/2019,0:00,6,6,0
8/11/2019,1:00,5,5,0
8/11/2019,2:00,4,4,0
8/11/2019,3:00,5,5,0
8/11/2019,4:00,15,15,0
8/11/2019,5:00,50,50,0
8/11/2019,6:00,138,137,1
8/11/2019,7:00,343,341,2
8/11/2019,8:00,255,255,0
8/11/2019,9:00,116,115,1
8/11/2019,10:00,131,131,0
8/11/2019,11:00,158,155,3
8/11/2019,12:00,170,170,0
8/11/2019,13:00,186,186,0
8/11/2019,14:00,183,183,0
8/11/2019,15:00,280,279,1
8/11/2019,16:00,295,293,2
8/11/2019,17:00,343,342,1
8/11/2019,18:00,249,249,0
8/11/2019,19:00,141,141,0
8/11/2019,20:00,63,63,0
8/11/2019,21:00,57,57,0
8/11/2019,22:00,27,27,0
8/11/2019,23:00,24,24,0
9/11/2019,0:00,6,6,0
9/11/2019,1:00,8,8,0
9/11/2019,2:00,6,6,0
9/11/2019,3:00,3,3,0
9/11/2019,4:00,3,3,0
9/11/2019,5:00,20,20,0
9/11/2019,6:00,41,41,0
9/11/2019,7:00,92,92,0
9/11/2019,8:00,160,158,2
9/11/2019,9:00,206,205,1
9/11/2019,10:00,249,249,0
9/11/2019,11:00,256,251,5
9/11/2019,12:00,313,311,2
9/11/2019,13:00,281,278,3
9/11/2019,14:00,253,244,9
9/11/2019,15:00,249,241,8
9/11/2019,16:00,230,224,6
9/11/2019,17:00,248,248,0
9/11/2019,18:00,210,210,0
9/11/2019,19:00,130,130,0
9/11/2019,20:00,62,62,0
9/11/2019,21:00,71,71,0
9/11/2019,22:00,51,51,0
9/11/2019,23:00,28,28,0
10/11/2019,0:00,9,9,0
10/11/2019,1:00,5,5,0
10/11/2019,2:00,10,10,0
10/11/2019,3:00,5,5,0
10/11/2019,4:00,5,5,0
10/11/2019,5:00,4,4,0
10/11/2019,6:00,14,13,1
10/11/2019,7:00,48,47,1
10/11/2019,8:00,81,79,2
10/11/2019,9:00,99,98,1
10/11/2019,10:00,127,122,5
10/11/2019,11:00,156,144,12
10/11/2019,12:00,225,220,5
10/11/2019,13:00,228,224,4
10/11/2019,14:00,207,194,13
10/11/2019,15:00,204,175,29
10/11/2019,16:00,203,192,11
10/11/2019,17:00,159,157,2
10/11/2019,18:00,77,77,0
10/11/2019,19:00,38,38,0
10/11/2019,20:00,18,18,0
10/11/2019,21:00,18,18,0
10/11/2019,22:00,10,10,0
10/11/2019,23:00,0,0,0
11/11/2019,0:00,1,1,0
11/11/2019,1:00,1,1,0
11/11/2019,2:00,1,1,0
11/11/2019,3:00,1,1,0
11/11/2019,4:00,8,8,0
11/11/2019,5:00,12,12,0
11/11/2019,6:00,35,34,1
11/11/2019,7:00,70,69,1
11/11/2019,8:00,33,32,1
11/11/2019,9:00,16,16,0
11/11/2019,10:00,26,26,0
11/11/2019,11:00,40,40,0
11/11/2019,12:00,26,26,0
11/11/2019,13:00,39,39,0
11/11/2019,14:00,33,33,0
11/11/2019,15:00,36,36,0
11/11/2019,16:00,27,27,0
11/11/2019,17:00,36,36,0
11/11/2019,18:00,23,23,0
11/11/2019,19:00,28,28,0
11/11/2019,20:00,24,24,0
11/11/2019,21:00,17,17,0
11/11/2019,22:00,6,6,0
11/11/2019,23:00,6,6,0
12/11/2019,0:00,3,3,0
12/11/2019,1:00,2,2,0
12/11/2019,2:00,1,1,0
12/11/2019,3:00,6,6,0
12/11/2019,4:00,17,17,0
12/11/2019,5:00,39,39,0
12/11/2019,6:00,146,146,0
12/11/2019,7:00,388,388,0
12/11/2019,8:00,384,384,0
12/11/2019,9:00,205,205,0
12/11/2019,10:00,163,163,0
12/11/2019,11:00,193,193,0
12/11/2019,12:00,248,248,0
12/11/2019,13:00,215,215,0
12/11/2019,14:00,228,228,0
12/11/2019,15:00,264,264,0
12/11/2019,16:00,281,281,0
12/11/2019,17:00,302,302,0
12/11/2019,18:00,226,226,0
12/11/2019,19:00,104,104,0
12/11/2019,20:00,76,76,0
12/11/2019,21:00,40,40,0
12/11/2019,22:00,19,19,0
12/11/2019,23:00,6,6,0
13/11/2019,0:00,5,5,0
13/11/2019,1:00,1,1,0
13/11/2019,2:00,4,4,0
13/11/2019,3:00,2,2,0
13/11/2019,4:00,14,14,0
13/11/2019,5:00,30,30,0
13/11/2019,6:00,113,113,0
13/11/2019,7:00,289,289,0
13/11/2019,8:00,175,175,0
13/11/2019,9:00,128,128,0
13/11/2019,10:00,116,116,0
13/11/2019,11:00,159,159,0
13/11/2019,12:00,163,163,0
13/11/2019,13:00,110,110,0
13/11/2019,14:00,118,118,0
13/11/2019,15:00,148,148,0
13/11/2019,16:00,205,205,0
13/11/2019,17:00,233,233,0
13/11/2019,18:00,174,174,0
13/11/2019,19:00,106,106,0
13/11/2019,20:00,66,66,0
13/11/2019,21:00,33,33,0
13/11/2019,22:00,13,13,0
13/11/2019,23:00,16,16,0
14/11/2019,0:00,5,5,0
14/11/2019,1:00,2,2,0
14/11/2019,2:00,3,3,0
14/11/2019,3:00,2,2,0
14/11/2019,4:00,11,11,0
14/11/2019,5:00,37,37,0
14/11/2019,6:00,94,92,2
14/11/2019,7:00,243,243,0
14/11/2019,8:00,155,155,0
14/11/2019,9:00,103,103,0
14/11/2019,10:00,100,100,0
14/11/2019,11:00,132,132,0
14/11/2019,12:00,113,113,0
14/11/2019,13:00,115,115,0
14/11/2019,14:00,153,153,0
14/11/2019,15:00,162,162,0
14/11/2019,16:00,204,204,0
14/11/2019,17:00,222,221,1
14/11/2019,18:00,149,149,0
14/11/2019,19:00,106,106,0
14/11/2019,20:00,58,58,0
14/11/2019,21:00,38,38,0
14/11/2019,22:00,29,29,0
14/11/2019,23:00,16,16,0
15/11/2019,0:00,3,3,0
15/11/2019,1:00,11,11,0
15/11/2019,2:00,7,7,0
15/11/2019,3:00,2,2,0
15/11/2019,4:00,12,12,0
15/11/2019,5:00,31,31,0
15/11/2019,6:00,130,130,0
15/11/2019,7:00,396,395,1
15/11/2019,8:00,332,332,0
15/11/2019,9:00,231,231,0
15/11/2019,10:00,251,251,0
15/11/2019,11:00,324,324,0
15/11/2019,12:00,335,334,1
15/11/2019,13:00,259,256,3
15/11/2019,14:00,281,280,1
15/11/2019,15:00,305,300,5
15/11/2019,16:00,363,359,4
15/11/2019,17:00,355,354,1
15/11/2019,18:00,281,281,0
15/11/2019,19:00,142,142,0
15/11/2019,20:00,84,84,0
15/11/2019,21:00,77,77,0
15/11/2019,22:00,40,40,0
15/11/2019,23:00,22,22,0
16/11/2019,0:00,10,10,0
16/11/2019,1:00,12,12,0
16/11/2019,2:00,4,4,0
16/11/2019,3:00,4,4,0
16/11/2019,4:00,6,6,0
16/11/2019,5:00,16,16,0
16/11/2019,6:00,41,41,0
16/11/2019,7:00,88,88,0
16/11/2019,8:00,148,147,1
16/11/2019,9:00,250,249,1
16/11/2019,10:00,287,283,4
16/11/2019,11:00,334,327,7
16/11/2019,12:00,329,323,6
16/11/2019,13:00,260,254,6
16/11/2019,14:00,235,222,13
16/11/2019,15:00,224,218,6
16/11/2019,16:00,197,196,1
16/11/2019,17:00,175,175,0
16/11/2019,18:00,169,169,0
16/11/2019,19:00,97,97,0
16/11/2019,20:00,72,72,0
16/11/2019,21:00,55,55,0
16/11/2019,22:00,34,34,0
16/11/2019,23:00,18,18,0
17/11/2019,0:00,10,10,0
17/11/2019,1:00,7,7,0
17/11/2019,2:00,4,4,0
17/11/2019,3:00,4,4,0
17/11/2019,4:00,2,2,0
17/11/2019,5:00,2,2,0
17/11/2019,6:00,14,14,0
17/11/2019,7:00,47,47,0
17/11/2019,8:00,101,98,3
17/11/2019,9:00,101,97,4
17/11/2019,10:00,105,105,0
17/11/2019,11:00,107,107,0
17/11/2019,12:00,144,144,0
17/11/2019,13:00,118,117,1
17/11/2019,14:00,132,130,2
17/11/2019,15:00,133,129,4
17/11/2019,16:00,137,135,2
17/11/2019,17:00,119,117,2
17/11/2019,18:00,33,33,0
17/11/2019,19:00,11,11,0
17/11/2019,20:00,9,9,0
17/11/2019,21:00,14,14,0
17/11/2019,22:00,3,3,0
17/11/2019,23:00,1,1,0
18/11/2019,0:00,1,1,0
18/11/2019,1:00,1,1,0
18/11/2019,2:00,0,0,0
18/11/2019,3:00,1,1,0
18/11/2019,4:00,6,6,0
18/11/2019,5:00,16,15,1
18/11/2019,6:00,42,42,0
18/11/2019,7:00,148,144,4
18/11/2019,8:00,121,120,1
18/11/2019,9:00,72,71,1
18/11/2019,10:00,68,68,0
18/11/2019,11:00,91,90,1
18/11/2019,12:00,113,112,1
18/11/2019,13:00,103,102,1
18/11/2019,14:00,105,104,1
18/11/2019,15:00,153,150,3
18/11/2019,16:00,191,189,2
18/11/2019,17:00,196,194,2
18/11/2019,18:00,127,127,0
18/11/2019,19:00,94,94,0
18/11/2019,20:00,54,54,0
18/11/2019,21:00,26,26,0
18/11/2019,22:00,11,11,0
18/11/2019,23:00,6,6,0
19/11/2019,0:00,6,6,0
19/11/2019,1:00,3,3,0
19/11/2019,2:00,1,1,0
19/11/2019,3:00,3,3,0
19/11/2019,4:00,5,5,0
19/11/2019,5:00,28,28,0
19/11/2019,6:00,67,65,2
19/11/2019,7:00,135,133,2
19/11/2019,8:00,35,34,1
19/11/2019,9:00,13,11,2
19/11/2019,10:00,39,39,0
19/11/2019,11:00,51,51,0
19/11/2019,12:00,49,49,0
19/11/2019,13:00,49,48,1
19/11/2019,14:00,64,62,2
19/11/2019,15:00,116,115,1
19/11/2019,16:00,147,144,3
19/11/2019,17:00,160,160,0
19/11/2019,18:00,126,126,0
19/11/2019,19:00,80,80,0
19/11/2019,20:00,59,58,1
19/11/2019,21:00,26,26,0
19/11/2019,22:00,18,18,0
19/11/2019,23:00,8,8,0
20/11/2019,0:00,7,7,0
20/11/2019,1:00,5,5,0
20/11/2019,2:00,0,0,0
20/11/2019,3:00,4,4,0
20/11/2019,4:00,13,13,0
20/11/2019,5:00,40,39,1
20/11/2019,6:00,131,129,2
20/11/2019,7:00,197,193,4
20/11/2019,8:00,65,63,2
20/11/2019,9:00,49,45,4
20/11/2019,10:00,136,135,1
20/11/2019,11:00,206,206,0
20/11/2019,12:00,241,237,4
20/11/2019,13:00,136,132,4
20/11/2019,14:00,169,164,5
20/11/2019,15:00,229,219,10
20/11/2019,16:00,241,237,4
20/11/2019,17:00,160,153,7
20/11/2019,18:00,182,181,1
20/11/2019,19:00,112,112,0
20/11/2019,20:00,52,52,0
20/11/2019,21:00,31,31,0
20/11/2019,22:00,24,24,0
20/11/2019,23:00,6,6,0
21/11/2019,0:00,15,15,0
21/11/2019,1:00,3,3,0
21/11/2019,2:00,0,0,0
21/11/2019,3:00,0,0,0
21/11/2019,4:00,1,1,0
21/11/2019,5:00,0,0,0
21/11/2019,6:00,14,14,0
21/11/2019,7:00,83,80,3
21/11/2019,8:00,69,69,0
21/11/2019,9:00,73,73,0
21/11/2019,10:00,60,60,0
21/11/2019,11:00,74,74,0
21/11/2019,12:00,93,91,2
21/11/2019,13:00,100,99,1
21/11/2019,14:00,99,98,1
21/11/2019,15:00,157,153,4
21/11/2019,16:00,153,147,6
21/11/2019,17:00,142,140,2
21/11/2019,18:00,107,107,0
21/11/2019,19:00,72,72,0
21/11/2019,20:00,52,52,0
21/11/2019,21:00,20,20,0
21/11/2019,22:00,13,13,0
21/11/2019,23:00,4,4,0
22/11/2019,0:00,4,4,0
22/11/2019,1:00,2,2,0
22/11/2019,2:00,4,4,0
22/11/2019,3:00,0,0,0
22/11/2019,4:00,5,5,0
22/11/2019,5:00,21,20,1
22/11/2019,6:00,111,111,0
22/11/2019,7:00,337,334,3
22/11/2019,8:00,168,168,0
22/11/2019,9:00,91,90,1
22/11/2019,10:00,107,107,0
22/11/2019,11:00,150,150,0
22/11/2019,12:00,241,241,0
22/11/2019,13:00,218,218,0
22/11/2019,14:00,279,276,3
22/11/2019,15:00,295,291,4
22/11/2019,16:00,294,292,2
22/11/2019,17:00,352,351,1
22/11/2019,18:00,252,252,0
22/11/2019,19:00,131,131,0
22/11/2019,20:00,97,97,0
22/11/2019,21:00,48,48,0
22/11/2019,22:00,36,36,0
22/11/2019,23:00,16,16,0
23/11/2019,0:00,15,15,0
23/11/2019,1:00,9,9,0
23/11/2019,2:00,3,3,0
23/11/2019,3:00,2,2,0
23/11/2019,4:00,3,3,0
23/11/2019,5:00,8,8,0
23/11/2019,6:00,37,37,0
23/11/2019,7:00,44,42,2
23/11/2019,8:00,59,58,1
23/11/2019,9:00,85,84,1
23/11/2019,10:00,95,93,2
23/11/2019,11:00,103,103,0
23/11/2019,12:00,142,140,2
23/11/2019,13:00,142,142,0
23/11/2019,14:00,158,157,1
23/11/2019,15:00,159,155,4
23/11/2019,16:00,146,143,3
23/11/2019,17:00,151,151,0
23/11/2019,18:00,154,154,0
23/11/2019,19:00,93,93,0
23/11/2019,20:00,71,71,0
23/11/2019,21:00,51,51,0
23/11/2019,22:00,36,36,0
23/11/2019,23:00,12,12,0
24/11/2019,0:00,7,7,0
24/11/2019,1:00,10,10,0
24/11/2019,2:00,7,7,0
24/11/2019,3:00,3,3,0
24/11/2019,4:00,1,1,0
24/11/2019,5:00,6,6,0
24/11/2019,6:00,23,23,0
24/11/2019,7:00,55,50,5
24/11/2019,8:00,152,151,1
24/11/2019,9:00,177,172,5
24/11/2019,10:00,220,211,9
24/11/2019,11:00,241,238,3
24/11/2019,12:00,283,278,5
24/11/2019,13:00,272,256,16
24/11/2019,14:00,281,252,29
24/11/2019,15:00,260,247,13
24/11/2019,16:00,210,202,8
24/11/2019,17:00,185,184,1
24/11/2019,18:00,115,115,0
24/11/2019,19:00,83,83,0
24/11/2019,20:00,62,62,0
24/11/2019,21:00,33,33,0
24/11/2019,22:00,25,25,0
24/11/2019,23:00,10,10,0
25/11/2019,0:00,7,7,0
25/11/2019,1:00,4,4,0
25/11/2019,2:00,1,1,0
25/11/2019,3:00,4,4,0
25/11/2019,4:00,22,22,0
25/11/2019,5:00,26,24,2
25/11/2019,6:00,125,123,2
25/11/2019,7:00,314,310,4
25/11/2019,8:00,175,174,1
25/11/2019,9:00,138,135,3
25/11/2019,10:00,168,168,0
25/11/2019,11:00,222,218,4
25/11/2019,12:00,315,310,5
25/11/2019,13:00,284,273,11
25/11/2019,14:00,301,286,15
25/11/2019,15:00,342,327,15
25/11/2019,16:00,404,394,10
25/11/2019,17:00,456,454,2
25/11/2019,18:00,267,266,1
25/11/2019,19:00,170,170,0
25/11/2019,20:00,109,109,0
25/11/2019,21:00,72,72,0
25/11/2019,22:00,35,35,0
25/11/2019,23:00,16,16,0
26/11/2019,0:00,9,9,0
26/11/2019,1:00,5,5,0
26/11/2019,2:00,4,4,0
26/11/2019,3:00,2,2,0
26/11/2019,4:00,16,16,0
26/11/2019,5:00,46,45,1
26/11/2019,6:00,121,119,2
26/11/2019,7:00,329,324,5
26/11/2019,8:00,262,260,2
26/11/2019,9:00,204,203,1
26/11/2019,10:00,155,154,1
26/11/2019,11:00,156,154,2
26/11/2019,12:00,154,153,1
26/11/2019,13:00,50,48,2
26/11/2019,14:00,74,73,1
26/11/2019,15:00,85,85,0
26/11/2019,16:00,73,71,2
26/11/2019,17:00,89,89,0
26/11/2019,18:00,70,70,0
26/11/2019,19:00,66,66,0
26/11/2019,20:00,40,35,5
26/11/2019,21:00,20,20,0
26/11/2019,22:00,15,15,0
26/11/2019,23:00,8,8,0
27/11/2019,0:00,1,1,0
27/11/2019,1:00,0,0,0
27/11/2019,2:00,0,0,0
27/11/2019,3:00,1,1,0
27/11/2019,4:00,3,3,0
27/11/2019,5:00,9,9,0
27/11/2019,6:00,24,23,1
27/11/2019,7:00,68,68,0
27/11/2019,8:00,79,79,0
27/11/2019,9:00,96,96,0
27/11/2019,10:00,114,114,0
27/11/2019,11:00,126,126,0
27/11/2019,12:00,150,150,0
27/11/2019,13:00,153,149,4
27/11/2019,14:00,155,151,4
27/11/2019,15:00,141,141,0
27/11/2019,16:00,111,111,0
27/11/2019,17:00,139,139,0
27/11/2019,18:00,96,94,2
27/11/2019,19:00,64,64,0
27/11/2019,20:00,37,37,0
27/11/2019,21:00,30,30,0
27/11/2019,22:00,15,15,0
27/11/2019,23:00,12,12,0
28/11/2019,0:00,14,14,0
28/11/2019,1:00,5,4,1
28/11/2019,2:00,6,6,0
28/11/2019,3:00,1,1,0
28/11/2019,4:00,2,2,0
28/11/2019,5:00,1,1,0
28/11/2019,6:00,22,20,2
28/11/2019,7:00,41,39,2
28/11/2019,8:00,47,45,2
28/11/2019,9:00,37,36,1
28/11/2019,10:00,65,62,3
28/11/2019,11:00,65,64,1
28/11/2019,12:00,34,34,0
28/11/2019,13:00,44,42,2
28/11/2019,14:00,27,27,0
28/11/2019,15:00,45,45,0
28/11/2019,16:00,54,54,0
28/11/2019,17:00,53,53,0
28/11/2019,18:00,44,44,0
28/11/2019,19:00,51,51,0
28/11/2019,20:00,43,43,0
28/11/2019,21:00,28,28,0
28/11/2019,22:00,25,25,0
28/11/2019,23:00,14,14,0
29/11/2019,0:00,9,9,0
29/11/2019,1:00,0,0,0
29/11/2019,2:00,0,0,0
29/11/2019,3:00,0,0,0
29/11/2019,4:00,2,2,0
29/11/2019,5:00,1,1,0
29/11/2019,6:00,18,17,1
29/11/2019,7:00,47,46,1
29/11/2019,8:00,66,66,0
29/11/2019,9:00,91,86,5
29/11/2019,10:00,109,108,1
29/11/2019,11:00,111,111,0
29/11/2019,12:00,117,114,3
29/11/2019,13:00,136,134,2
29/11/2019,14:00,118,117,1
29/11/2019,15:00,131,130,1
29/11/2019,16:00,138,138,0
29/11/2019,17:00,112,112,0
29/11/2019,18:00,105,105,0
29/11/2019,19:00,61,61,0
29/11/2019,20:00,23,23,0
29/11/2019,21:00,12,12,0
29/11/2019,22:00,1,1,0
29/11/2019,23:00,1,1,0
30/11/2019,0:00,0,0,0
30/11/2019,1:00,3,3,0
30/11/2019,2:00,0,0,0
30/11/2019,3:00,0,0,0
30/11/2019,4:00,1,1,0
30/11/2019,5:00,3,2,1
30/11/2019,6:00,2,2,0
30/11/2019,7:00,20,20,0
30/11/2019,8:00,11,11,0
30/11/2019,9:00,29,27,2
30/11/2019,10:00,17,17,0
30/11/2019,11:00,36,36,0
30/11/2019,12:00,54,54,0
30/11/2019,13:00,52,51,1
30/11/2019,14:00,68,68,0
30/11/2019,15:00,43,41,2
30/11/2019,16:00,35,34,1
30/11/2019,17:00,27,27,0
30/11/2019,18:00,9,9,0
30/11/2019,19:00,8,8,0
30/11/2019,20:00,0,0,0
30/11/2019,21:00,0,0,0
30/11/2019,22:00,2,2,0
30/11/2019,23:00,2,2,0
1/12/2019,0:00,2,2,0
1/12/2019,1:00,4,4,0
1/12/2019,2:00,5,5,0
1/12/2019,3:00,1,1,0
1/12/2019,4:00,2,2,0
1/12/2019,5:00,6,6,0
1/12/2019,6:00,10,10,0
1/12/2019,7:00,25,25,0
1/12/2019,8:00,25,25,0
1/12/2019,9:00,36,34,2
1/12/2019,10:00,52,51,1
1/12/2019,11:00,60,60,0
1/12/2019,12:00,76,76,0
1/12/2019,13:00,101,101,0
1/12/2019,14:00,53,53,0
1/12/2019,15:00,40,39,1
1/12/2019,16:00,42,41,1
1/12/2019,17:00,47,47,0
1/12/2019,18:00,23,23,0
1/12/2019,19:00,24,24,0
1/12/2019,20:00,12,12,0
1/12/2019,21:00,3,3,0
1/12/2019,22:00,4,4,0
1/12/2019,23:00,1,1,0
2/12/2019,0:00,2,2,0
2/12/2019,1:00,1,1,0
2/12/2019,2:00,2,2,0
2/12/2019,3:00,0,0,0
2/12/2019,4:00,10,10,0
2/12/2019,5:00,29,28,1
2/12/2019,6:00,104,103,1
2/12/2019,7:00,266,265,1
2/12/2019,8:00,159,158,1
2/12/2019,9:00,130,129,1
2/12/2019,10:00,113,111,2
2/12/2019,11:00,120,120,0
2/12/2019,12:00,138,138,0
2/12/2019,13:00,121,120,1
2/12/2019,14:00,132,131,1
2/12/2019,15:00,167,167,0
2/12/2019,16:00,191,190,1
2/12/2019,17:00,177,176,1
2/12/2019,18:00,125,125,0
2/12/2019,19:00,88,88,0
2/12/2019,20:00,49,49,0
2/12/2019,21:00,29,29,0
2/12/2019,22:00,5,5,0
2/12/2019,23:00,9,9,0
3/12/2019,0:00,6,6,0
3/12/2019,1:00,2,2,0
3/12/2019,2:00,2,2,0
3/12/2019,3:00,3,3,0
3/12/2019,4:00,11,11,0
3/12/2019,5:00,29,29,0
3/12/2019,6:00,114,112,2
3/12/2019,7:00,264,262,2
3/12/2019,8:00,184,183,1
3/12/2019,9:00,131,131,0
3/12/2019,10:00,123,123,0
3/12/2019,11:00,118,118,0
3/12/2019,12:00,179,178,1
3/12/2019,13:00,165,163,2
3/12/2019,14:00,232,231,1
3/12/2019,15:00,284,284,0
3/12/2019,16:00,272,271,1
3/12/2019,17:00,291,291,0
3/12/2019,18:00,181,181,0
3/12/2019,19:00,119,119,0
3/12/2019,20:00,77,75,2
3/12/2019,21:00,40,40,0
3/12/2019,22:00,24,24,0
3/12/2019,23:00,9,9,0
4/12/2019,0:00,6,6,0
4/12/2019,1:00,6,6,0
4/12/2019,2:00,6,6,0
4/12/2019,3:00,3,3,0
4/12/2019,4:00,9,8,1
4/12/2019,5:00,32,31,1
4/12/2019,6:00,150,149,1
4/12/2019,7:00,314,311,3
4/12/2019,8:00,321,320,1
4/12/2019,9:00,273,270,3
4/12/2019,10:00,261,260,1
4/12/2019,11:00,290,288,2
4/12/2019,12:00,315,313,2
4/12/2019,13:00,253,248,5
4/12/2019,14:00,304,298,6
4/12/2019,15:00,292,287,5
4/12/2019,16:00,343,338,5
4/12/2019,17:00,341,340,1
4/12/2019,18:00,244,243,1
4/12/2019,19:00,134,133,1
4/12/2019,20:00,96,96,0
4/12/2019,21:00,44,44,0
4/12/2019,22:00,33,33,0
4/12/2019,23:00,24,24,0
5/12/2019,0:00,7,7,0
5/12/2019,1:00,7,7,0
5/12/2019,2:00,4,4,0
5/12/2019,3:00,7,7,0
5/12/2019,4:00,10,10,0
5/12/2019,5:00,36,36,0
5/12/2019,6:00,201,198,3
5/12/2019,7:00,440,436,4
5/12/2019,8:00,280,280,0
5/12/2019,9:00,268,267,1
5/12/2019,10:00,267,266,1
5/12/2019,11:00,306,304,2
5/12/2019,12:00,317,308,9
5/12/2019,13:00,267,261,6
5/12/2019,14:00,304,297,7
5/12/2019,15:00,350,344,6
5/12/2019,16:00,428,419,9
5/12/2019,17:00,421,420,1
5/12/2019,18:00,237,237,0
5/12/2019,19:00,148,148,0
5/12/2019,20:00,101,101,0
5/12/2019,21:00,58,58,0
5/12/2019,22:00,33,33,0
5/12/2019,23:00,22,22,0
6/12/2019,0:00,7,7,0
6/12/2019,1:00,10,10,0
6/12/2019,2:00,2,2,0
6/12/2019,3:00,5,5,0
6/12/2019,4:00,3,3,0
6/12/2019,5:00,20,19,1
6/12/2019,6:00,71,71,0
6/12/2019,7:00,227,225,2
6/12/2019,8:00,235,235,0
6/12/2019,9:00,177,177,0
6/12/2019,10:00,155,154,1
6/12/2019,11:00,145,145,0
6/12/2019,12:00,213,213,0
6/12/2019,13:00,214,214,0
6/12/2019,14:00,286,284,2
6/12/2019,15:00,276,273,3
6/12/2019,16:00,359,356,3
6/12/2019,17:00,451,451,0
6/12/2019,18:00,239,239,0
6/12/2019,19:00,146,146,0
6/12/2019,20:00,125,125,0
6/12/2019,21:00,78,78,0
6/12/2019,22:00,45,45,0
6/12/2019,23:00,28,28,0
7/12/2019,0:00,20,20,0
7/12/2019,1:00,4,4,0
7/12/2019,2:00,3,3,0
7/12/2019,3:00,8,8,0
7/12/2019,4:00,5,5,0
7/12/2019,5:00,15,15,0
7/12/2019,6:00,63,63,0
7/12/2019,7:00,124,122,2
7/12/2019,8:00,212,210,2
7/12/2019,9:00,251,250,1
7/12/2019,10:00,301,300,1
7/12/2019,11:00,301,300,1
7/12/2019,12:00,327,326,1
7/12/2019,13:00,330,329,1
7/12/2019,14:00,311,305,6
7/12/2019,15:00,265,263,2
7/12/2019,16:00,285,284,1
7/12/2019,17:00,318,318,0
7/12/2019,18:00,221,221,0
7/12/2019,19:00,149,149,0
7/12/2019,20:00,85,85,0
7/12/2019,21:00,81,81,0
7/12/2019,22:00,58,58,0
7/12/2019,23:00,39,39,0
8/12/2019,0:00,20,20,0
8/12/2019,1:00,16,16,0
8/12/2019,2:00,8,8,0
8/12/2019,3:00,5,5,0
8/12/2019,4:00,5,5,0
8/12/2019,5:00,17,17,0
8/12/2019,6:00,13,13,0
8/12/2019,7:00,51,51,0
8/12/2019,8:00,89,88,1
8/12/2019,9:00,108,105,3
8/12/2019,10:00,143,143,0
8/12/2019,11:00,149,145,4
8/12/2019,12:00,184,180,4
8/12/2019,13:00,202,192,10
8/12/2019,14:00,203,182,21
8/12/2019,15:00,180,173,7
8/12/2019,16:00,166,163,3
8/12/2019,17:00,142,142,0
8/12/2019,18:00,122,120,2
8/12/2019,19:00,75,75,0
8/12/2019,20:00,33,33,0
8/12/2019,21:00,28,28,0
8/12/2019,22:00,13,13,0
8/12/2019,23:00,8,8,0
9/12/2019,0:00,10,10,0
9/12/2019,1:00,5,5,0
9/12/2019,2:00,3,3,0
9/12/2019,3:00,3,3,0
9/12/2019,4:00,1,1,0
9/12/2019,5:00,6,6,0
9/12/2019,6:00,33,32,1
9/12/2019,7:00,102,99,3
9/12/2019,8:00,97,95,2
9/12/2019,9:00,58,58,0
9/12/2019,10:00,56,56,0
9/12/2019,11:00,75,75,0
9/12/2019,12:00,75,70,5
9/12/2019,13:00,69,69,0
9/12/2019,14:00,83,78,5
9/12/2019,15:00,155,153,2
9/12/2019,16:00,131,128,3
9/12/2019,17:00,117,115,2
9/12/2019,18:00,68,68,0
9/12/2019,19:00,62,62,0
9/12/2019,20:00,47,47,0
9/12/2019,21:00,22,22,0
9/12/2019,22:00,7,7,0
9/12/2019,23:00,5,5,0
10/12/2019,0:00,0,0,0
10/12/2019,1:00,1,1,0
10/12/2019,2:00,1,1,0
10/12/2019,3:00,2,2,0
10/12/2019,4:00,11,11,0
10/12/2019,5:00,32,31,1
10/12/2019,6:00,110,109,1
10/12/2019,7:00,357,355,2
10/12/2019,8:00,233,232,1
10/12/2019,9:00,182,182,0
10/12/2019,10:00,193,193,0
10/12/2019,11:00,254,254,0
10/12/2019,12:00,291,291,0
10/12/2019,13:00,265,264,1
10/12/2019,14:00,273,273,0
10/12/2019,15:00,253,252,1
10/12/2019,16:00,281,280,1
10/12/2019,17:00,227,227,0
10/12/2019,18:00,184,184,0
10/12/2019,19:00,88,88,0
10/12/2019,20:00,61,61,0
10/12/2019,21:00,35,33,2
10/12/2019,22:00,18,18,0
10/12/2019,23:00,9,9,0
11/12/2019,0:00,8,8,0
11/12/2019,1:00,7,7,0
11/12/2019,2:00,5,5,0
11/12/2019,3:00,4,4,0
11/12/2019,4:00,12,12,0
11/12/2019,5:00,40,39,1
11/12/2019,6:00,118,118,0
11/12/2019,7:00,256,252,4
11/12/2019,8:00,178,178,0
11/12/2019,9:00,91,91,0
11/12/2019,10:00,112,112,0
11/12/2019,11:00,133,131,2
11/12/2019,12:00,143,143,0
11/12/2019,13:00,174,170,4
11/12/2019,14:00,247,245,2
11/12/2019,15:00,264,263,1
11/12/2019,16:00,337,333,4
11/12/2019,17:00,294,294,0
11/12/2019,18:00,270,270,0
11/12/2019,19:00,118,118,0
11/12/2019,20:00,93,93,0
11/12/2019,21:00,45,45,0
11/12/2019,22:00,21,21,0
11/12/2019,23:00,17,17,0
12/12/2019,0:00,5,5,0
12/12/2019,1:00,0,0,0
12/12/2019,2:00,5,5,0
12/12/2019,3:00,7,7,0
12/12/2019,4:00,17,17,0
12/12/2019,5:00,43,42,1
12/12/2019,6:00,147,146,1
12/12/2019,7:00,328,326,2
12/12/2019,8:00,274,273,1
12/12/2019,9:00,186,185,1
12/12/2019,10:00,176,175,1
12/12/2019,11:00,228,222,6
12/12/2019,12:00,334,331,3
12/12/2019,13:00,241,240,1
12/12/2019,14:00,247,246,1
12/12/2019,15:00,275,274,1
12/12/2019,16:00,293,291,2
12/12/2019,17:00,341,338,3
12/12/2019,18:00,230,230,0
12/12/2019,19:00,139,139,0
12/12/2019,20:00,77,77,0
12/12/2019,21:00,57,57,0
12/12/2019,22:00,30,30,0
12/12/2019,23:00,14,14,0
13/12/2019,0:00,12,12,0
13/12/2019,1:00,10,10,0
13/12/2019,2:00,2,2,0
13/12/2019,3:00,5,5,0
13/12/2019,4:00,7,7,0
13/12/2019,5:00,29,27,2
13/12/2019,6:00,84,83,1
13/12/2019,7:00,268,264,4
13/12/2019,8:00,168,166,2
13/12/2019,9:00,111,110,1
13/12/2019,10:00,130,127,3
13/12/2019,11:00,266,265,1
13/12/2019,12:00,326,322,4
13/12/2019,13:00,326,326,0
13/12/2019,14:00,313,310,3
13/12/2019,15:00,371,364,7
13/12/2019,16:00,427,414,13
13/12/2019,17:00,424,424,0
13/12/2019,18:00,312,311,1
13/12/2019,19:00,178,178,0
13/12/2019,20:00,107,107,0
13/12/2019,21:00,69,69,0
13/12/2019,22:00,40,40,0
13/12/2019,23:00,40,40,0
14/12/2019,0:00,11,11,0
14/12/2019,1:00,8,8,0
14/12/2019,2:00,5,5,0
14/12/2019,3:00,5,5,0
14/12/2019,4:00,4,4,0
14/12/2019,5:00,11,11,0
14/12/2019,6:00,29,29,0
14/12/2019,7:00,59,58,1
14/12/2019,8:00,73,71,2
14/12/2019,9:00,100,100,0
14/12/2019,10:00,190,189,1
14/12/2019,11:00,138,137,1
14/12/2019,12:00,150,150,0
14/12/2019,13:00,154,152,2
14/12/2019,14:00,106,103,3
14/12/2019,15:00,139,138,1
14/12/2019,16:00,146,146,0
14/12/2019,17:00,116,116,0
14/12/2019,18:00,116,116,0
14/12/2019,19:00,72,72,0
14/12/2019,20:00,57,57,0
14/12/2019,21:00,40,40,0
14/12/2019,22:00,25,25,0
14/12/2019,23:00,18,18,0
15/12/2019,0:00,6,6,0
15/12/2019,1:00,4,4,0
15/12/2019,2:00,2,2,0
15/12/2019,3:00,3,3,0
15/12/2019,4:00,2,2,0
15/12/2019,5:00,10,10,0
15/12/2019,6:00,20,20,0
15/12/2019,7:00,57,56,1
15/12/2019,8:00,93,93,0
15/12/2019,9:00,91,89,2
15/12/2019,10:00,79,78,1
15/12/2019,11:00,92,89,3
15/12/2019,12:00,94,91,3
15/12/2019,13:00,91,88,3
15/12/2019,14:00,121,121,0
15/12/2019,15:00,124,124,0
15/12/2019,16:00,72,72,0
15/12/2019,17:00,69,69,0
15/12/2019,18:00,27,27,0
15/12/2019,19:00,12,12,0
15/12/2019,20:00,6,6,0
15/12/2019,21:00,0,0,0
15/12/2019,22:00,1,1,0
15/12/2019,23:00,3,3,0
16/12/2019,0:00,3,3,0
16/12/2019,1:00,4,4,0
16/12/2019,2:00,6,6,0
16/12/2019,3:00,15,15,0
16/12/2019,4:00,22,22,0
16/12/2019,5:00,16,16,0
16/12/2019,6:00,25,25,0
16/12/2019,7:00,81,81,0
16/12/2019,8:00,60,58,2
16/12/2019,9:00,53,52,1
16/12/2019,10:00,57,57,0
16/12/2019,11:00,82,82,0
16/12/2019,12:00,58,58,0
16/12/2019,13:00,52,52,0
16/12/2019,14:00,67,67,0
16/12/2019,15:00,90,90,0
16/12/2019,16:00,134,134,0
16/12/2019,17:00,130,130,0
16/12/2019,18:00,90,90,0
16/12/2019,19:00,59,59,0
16/12/2019,20:00,40,40,0
16/12/2019,21:00,13,13,0
16/12/2019,22:00,11,11,0
16/12/2019,23:00,10,10,0
17/12/2019,0:00,4,4,0
17/12/2019,1:00,2,2,0
17/12/2019,2:00,3,3,0
17/12/2019,3:00,3,3,0
17/12/2019,4:00,18,18,0
17/12/2019,5:00,60,60,0
17/12/2019,6:00,159,159,0
17/12/2019,7:00,430,430,0
17/12/2019,8:00,349,349,0
17/12/2019,9:00,227,227,0
17/12/2019,10:00,112,112,0
17/12/2019,11:00,142,141,1
17/12/2019,12:00,144,144,0
17/12/2019,13:00,102,101,1
17/12/2019,14:00,115,114,1
17/12/2019,15:00,123,123,0
17/12/2019,16:00,163,162,1
17/12/2019,17:00,153,153,0
17/12/2019,18:00,83,83,0
17/12/2019,19:00,48,48,0
17/12/2019,20:00,31,31,0
17/12/2019,21:00,28,28,0
17/12/2019,22:00,17,17,0
17/12/2019,23:00,13,13,0
18/12/2019,0:00,3,3,0
18/12/2019,1:00,6,6,0
18/12/2019,2:00,3,3,0
18/12/2019,3:00,4,4,0
18/12/2019,4:00,15,15,0
18/12/2019,5:00,55,55,0
18/12/2019,6:00,148,148,0
18/12/2019,7:00,441,441,0
18/12/2019,8:00,349,349,0
18/12/2019,9:00,243,242,1
18/12/2019,10:00,244,244,0
18/12/2019,11:00,332,331,1
18/12/2019,12:00,313,313,0
18/12/2019,13:00,254,254,0
18/12/2019,14:00,323,323,0
18/12/2019,15:00,354,354,0
18/12/2019,16:00,314,314,0
18/12/2019,17:00,336,336,0
18/12/2019,18:00,232,232,0
18/12/2019,19:00,144,144,0
18/12/2019,20:00,64,64,0
18/12/2019,21:00,39,39,0
18/12/2019,22:00,25,25,0
18/12/2019,23:00,13,13,0
19/12/2019,0:00,9,9,0
19/12/2019,1:00,4,4,0
19/12/2019,2:00,3,3,0
19/12/2019,3:00,4,4,0
19/12/2019,4:00,11,11,0
19/12/2019,5:00,40,40,0
19/12/2019,6:00,138,138,0
19/12/2019,7:00,393,393,0
19/12/2019,8:00,319,319,0
19/12/2019,9:00,243,243,0
19/12/2019,10:00,287,285,2
19/12/2019,11:00,324,324,0
19/12/2019,12:00,297,296,1
19/12/2019,13:00,304,303,1
19/12/2019,14:00,331,330,1
19/12/2019,15:00,298,298,0
19/12/2019,16:00,350,350,0
19/12/2019,17:00,351,351,0
19/12/2019,18:00,254,254,0
19/12/2019,19:00,177,177,0
19/12/2019,20:00,115,115,0
19/12/2019,21:00,65,65,0
19/12/2019,22:00,40,40,0
19/12/2019,23:00,26,26,0
20/12/2019,0:00,7,7,0
20/12/2019,1:00,10,10,0
20/12/2019,2:00,6,6,0
20/12/2019,3:00,5,5,0
20/12/2019,4:00,13,13,0
20/12/2019,5:00,37,37,0
20/12/2019,6:00,140,140,0
20/12/2019,7:00,371,369,2
20/12/2019,8:00,231,229,2
20/12/2019,9:00,223,223,0
20/12/2019,10:00,220,220,0
20/12/2019,11:00,310,310,0
20/12/2019,12:00,265,264,1
20/12/2019,13:00,225,222,3
20/12/2019,14:00,304,302,2
20/12/2019,15:00,358,355,3
20/12/2019,16:00,380,378,2
20/12/2019,17:00,345,345,0
20/12/2019,18:00,215,215,0
20/12/2019,19:00,179,179,0
20/12/2019,20:00,102,102,0
20/12/2019,21:00,80,80,0
20/12/2019,22:00,71,71,0
20/12/2019,23:00,34,34,0
21/12/2019,0:00,15,15,0
21/12/2019,1:00,10,10,0
21/12/2019,2:00,6,6,0
21/12/2019,3:00,6,6,0
21/12/2019,4:00,4,4,0
21/12/2019,5:00,11,11,0
21/12/2019,6:00,48,48,0
21/12/2019,7:00,80,77,3
21/12/2019,8:00,190,190,0
21/12/2019,9:00,251,248,3
21/12/2019,10:00,334,331,3
21/12/2019,11:00,382,376,6
21/12/2019,12:00,399,395,4
21/12/2019,13:00,354,343,11
21/12/2019,14:00,355,343,12
21/12/2019,15:00,305,296,9
21/12/2019,16:00,294,290,4
21/12/2019,17:00,257,257,0
21/12/2019,18:00,193,193,0
21/12/2019,19:00,130,130,0
21/12/2019,20:00,74,74,0
21/12/2019,21:00,72,72,0
21/12/2019,22:00,53,53,0
21/12/2019,23:00,20,20,0
22/12/2019,0:00,13,13,0
22/12/2019,1:00,13,13,0
22/12/2019,2:00,7,7,0
22/12/2019,3:00,6,6,0
22/12/2019,4:00,3,3,0
22/12/2019,5:00,8,8,0
22/12/2019,6:00,37,37,0
22/12/2019,7:00,66,62,4
22/12/2019,8:00,160,158,2
22/12/2019,9:00,226,224,2
22/12/2019,10:00,304,302,2
22/12/2019,11:00,334,324,10
22/12/2019,12:00,409,400,9
22/12/2019,13:00,384,366,18
22/12/2019,14:00,315,298,17
22/12/2019,15:00,299,280,19
22/12/2019,16:00,272,262,10
22/12/2019,17:00,213,211,2
22/12/2019,18:00,153,153,0
22/12/2019,19:00,103,103,0
22/12/2019,20:00,72,72,0
22/12/2019,21:00,44,44,0
22/12/2019,22:00,20,20,0
22/12/2019,23:00,14,14,0
23/12/2019,0:00,9,9,0
23/12/2019,1:00,9,9,0
23/12/2019,2:00,3,3,0
23/12/2019,3:00,2,2,0
23/12/2019,4:00,5,5,0
23/12/2019,5:00,19,19,0
23/12/2019,6:00,67,66,1
23/12/2019,7:00,155,155,0
23/12/2019,8:00,197,195,2
23/12/2019,9:00,205,204,1
23/12/2019,10:00,282,282,0
23/12/2019,11:00,367,360,7
23/12/2019,12:00,415,408,7
23/12/2019,13:00,375,364,11
23/12/2019,14:00,388,368,20
23/12/2019,15:00,400,392,8
23/12/2019,16:00,465,457,8
23/12/2019,17:00,395,394,1
23/12/2019,18:00,261,261,0
23/12/2019,19:00,190,190,0
23/12/2019,20:00,111,111,0
23/12/2019,21:00,76,76,0
23/12/2019,22:00,41,41,0
23/12/2019,23:00,19,19,0
24/12/2019,0:00,16,16,0
24/12/2019,1:00,10,8,2
24/12/2019,2:00,6,4,2
24/12/2019,3:00,2,2,0
24/12/2019,4:00,7,7,0
24/12/2019,5:00,9,9,0
24/12/2019,6:00,37,31,6
24/12/2019,7:00,107,105,2
24/12/2019,8:00,102,96,6
24/12/2019,9:00,196,191,5
24/12/2019,10:00,257,249,8
24/12/2019,11:00,374,354,20
24/12/2019,12:00,424,404,20
24/12/2019,13:00,350,334,16
24/12/2019,14:00,285,268,17
24/12/2019,15:00,244,238,6
24/12/2019,16:00,213,213,0
24/12/2019,17:00,197,197,0
24/12/2019,18:00,146,146,0
24/12/2019,19:00,96,96,0
24/12/2019,20:00,74,74,0
24/12/2019,21:00,66,66,0
24/12/2019,22:00,48,48,0
24/12/2019,23:00,24,24,0
25/12/2019,0:00,11,11,0
25/12/2019,1:00,12,12,0
25/12/2019,2:00,4,4,0
25/12/2019,3:00,3,3,0
25/12/2019,4:00,1,1,0
25/12/2019,5:00,3,3,0
25/12/2019,6:00,14,14,0
25/12/2019,7:00,27,26,1
25/12/2019,8:00,49,46,3
25/12/2019,9:00,101,99,2
25/12/2019,10:00,150,143,7
25/12/2019,11:00,147,138,9
25/12/2019,12:00,173,162,11
25/12/2019,13:00,172,145,27
25/12/2019,14:00,184,167,17
25/12/2019,15:00,154,139,15
25/12/2019,16:00,129,118,11
25/12/2019,17:00,100,98,2
25/12/2019,18:00,81,81,0
25/12/2019,19:00,71,71,0
25/12/2019,20:00,59,58,1
25/12/2019,21:00,25,24,1
25/12/2019,22:00,24,24,0
25/12/2019,23:00,9,9,0
26/12/2019,0:00,4,4,0
26/12/2019,1:00,0,0,0
26/12/2019,2:00,5,5,0
26/12/2019,3:00,3,3,0
26/12/2019,4:00,2,2,0
26/12/2019,5:00,7,7,0
26/12/2019,6:00,26,24,2
26/12/2019,7:00,78,75,3
26/12/2019,8:00,96,91,5
26/12/2019,9:00,149,131,18
26/12/2019,10:00,186,176,10
26/12/2019,11:00,246,225,21
26/12/2019,12:00,316,296,20
26/12/2019,13:00,279,234,45
26/12/2019,14:00,264,230,34
26/12/2019,15:00,302,259,43
26/12/2019,16:00,257,243,14
26/12/2019,17:00,217,216,1
26/12/2019,18:00,116,114,2
26/12/2019,19:00,69,69,0
26/12/2019,20:00,66,66,0
26/12/2019,21:00,28,27,1
26/12/2019,22:00,19,19,0
26/12/2019,23:00,4,4,0
27/12/2019,0:00,7,7,0
27/12/2019,1:00,7,7,0
27/12/2019,2:00,2,2,0
27/12/2019,3:00,1,1,0
27/12/2019,4:00,4,4,0
27/12/2019,5:00,9,9,0
27/12/2019,6:00,39,39,0
27/12/2019,7:00,92,92,0
27/12/2019,8:00,86,85,1
27/12/2019,9:00,83,81,2
27/12/2019,10:00,94,93,1
27/12/2019,11:00,124,122,2
27/12/2019,12:00,149,144,5
27/12/2019,13:00,207,204,3
27/12/2019,14:00,245,239,6
27/12/2019,15:00,268,260,8
27/12/2019,16:00,261,258,3
27/12/2019,17:00,203,203,0
27/12/2019,18:00,175,174,1
27/12/2019,19:00,93,93,0
27/12/2019,20:00,54,54,0
27/12/2019,21:00,35,35,0
27/12/2019,22:00,24,24,0
27/12/2019,23:00,10,10,0
28/12/2019,0:00,9,9,0
28/12/2019,1:00,4,4,0
28/12/2019,2:00,7,7,0
28/12/2019,3:00,4,4,0
28/12/2019,4:00,1,1,0
28/12/2019,5:00,9,8,1
28/12/2019,6:00,14,13,1
28/12/2019,7:00,57,53,4
28/12/2019,8:00,74,72,2
28/12/2019,9:00,77,72,5
28/12/2019,10:00,135,121,14
28/12/2019,11:00,135,125,10
28/12/2019,12:00,137,133,4
28/12/2019,13:00,144,139,5
28/12/2019,14:00,115,110,5
28/12/2019,15:00,123,120,3
28/12/2019,16:00,106,103,3
28/12/2019,17:00,99,97,2
28/12/2019,18:00,44,44,0
28/12/2019,19:00,19,19,0
28/12/2019,20:00,3,3,0
28/12/2019,21:00,2,2,0
28/12/2019,22:00,0,0,0
28/12/2019,23:00,0,0,0
29/12/2019,0:00,0,0,0
29/12/2019,1:00,0,0,0
29/12/2019,2:00,0,0,0
29/12/2019,3:00,0,0,0
29/12/2019,4:00,0,0,0
29/12/2019,5:00,0,0,0
29/12/2019,6:00,5,2,3
29/12/2019,7:00,21,12,9
29/12/2019,8:00,24,23,1
29/12/2019,9:00,42,39,3
29/12/2019,10:00,57,47,10
29/12/2019,11:00,95,82,13
29/12/2019,12:00,104,99,5
29/12/2019,13:00,125,114,11
29/12/2019,14:00,103,95,8
29/12/2019,15:00,110,98,12
29/12/2019,16:00,104,94,10
29/12/2019,17:00,81,81,0
29/12/2019,18:00,69,69,0
29/12/2019,19:00,16,14,2
29/12/2019,20:00,7,6,1
29/12/2019,21:00,5,5,0
29/12/2019,22:00,2,2,0
29/12/2019,23:00,1,1,0
30/12/2019,0:00,0,0,0
30/12/2019,1:00,0,0,0
30/12/2019,2:00,0,0,0
30/12/2019,3:00,2,2,0
30/12/2019,4:00,5,5,0
30/12/2019,5:00,8,8,0
30/12/2019,6:00,44,44,0
30/12/2019,7:00,118,118,0
30/12/2019,8:00,115,114,1
30/12/2019,9:00,82,81,1
30/12/2019,10:00,115,115,0
30/12/2019,11:00,127,127,0
30/12/2019,12:00,139,139,0
30/12/2019,13:00,129,129,0
30/12/2019,14:00,129,129,0
30/12/2019,15:00,123,123,0
30/12/2019,16:00,134,132,2
30/12/2019,17:00,123,119,4
30/12/2019,18:00,84,84,0
30/12/2019,19:00,49,49,0
30/12/2019,20:00,29,29,0
30/12/2019,21:00,29,29,0
30/12/2019,22:00,17,17,0
30/12/2019,23:00,6,6,0
31/12/2019,0:00,5,5,0
31/12/2019,1:00,3,3,0
31/12/2019,2:00,3,3,0
31/12/2019,3:00,2,2,0
31/12/2019,4:00,4,4,0
31/12/2019,5:00,9,9,0
31/12/2019,6:00,32,31,1
31/12/2019,7:00,103,103,0
31/12/2019,8:00,97,97,0
31/12/2019,9:00,114,114,0
31/12/2019,10:00,120,120,0
31/12/2019,11:00,149,149,0
31/12/2019,12:00,142,142,0
31/12/2019,13:00,134,132,2
31/12/2019,14:00,128,128,0
31/12/2019,15:00,101,101,0
31/12/2019,16:00,146,146,0
31/12/2019,17:00,139,139,0
31/12/2019,18:00,109,109,0
31/12/2019,19:00,88,88,0
31/12/2019,20:00,94,94,0
31/12/2019,21:00,42,42,0
31/12/2019,22:00,37,37,0
31/12/2019,23:00,30,30,0
1/1/2020,0:00,54,54,0
1/1/2020,1:00,22,22,0
1/1/2020,2:00,10,10,0
1/1/2020,3:00,13,13,0
1/1/2020,4:00,7,7,0
1/1/2020,5:00,7,7,0
1/1/2020,6:00,20,19,1
1/1/2020,7:00,21,21,0
1/1/2020,8:00,53,50,3
1/1/2020,9:00,78,77,1
1/1/2020,10:00,138,129,9
1/1/2020,11:00,227,225,2
1/1/2020,12:00,221,214,7
1/1/2020,13:00,203,199,4
1/1/2020,14:00,237,236,1
1/1/2020,15:00,203,197,6
1/1/2020,16:00,164,159,5
1/1/2020,17:00,145,145,0
1/1/2020,18:00,92,92,0
1/1/2020,19:00,76,76,0
1/1/2020,20:00,43,43,0
1/1/2020,21:00,52,52,0
1/1/2020,22:00,28,28,0
1/1/2020,23:00,15,15,0
2/1/2020,0:00,9,9,0
2/1/2020,1:00,7,7,0
2/1/2020,2:00,7,7,0
2/1/2020,3:00,3,3,0
2/1/2020,4:00,7,7,0
2/1/2020,5:00,27,26,1
2/1/2020,6:00,108,107,1
2/1/2020,7:00,226,224,2
2/1/2020,8:00,234,234,0
2/1/2020,9:00,212,210,2
2/1/2020,10:00,266,263,3
2/1/2020,11:00,238,231,7
2/1/2020,12:00,227,226,1
2/1/2020,13:00,185,183,2
2/1/2020,14:00,177,172,5
2/1/2020,15:00,182,178,4
2/1/2020,16:00,231,226,5
2/1/2020,17:00,234,234,0
2/1/2020,18:00,140,139,1
2/1/2020,19:00,104,104,0
2/1/2020,20:00,66,65,1
2/1/2020,21:00,37,37,0
2/1/2020,22:00,25,25,0
2/1/2020,23:00,13,13,0
3/1/2020,0:00,11,11,0
3/1/2020,1:00,7,7,0
3/1/2020,2:00,3,3,0
3/1/2020,3:00,4,4,0
3/1/2020,4:00,6,6,0
3/1/2020,5:00,19,19,0
3/1/2020,6:00,29,28,1
3/1/2020,7:00,126,121,5
3/1/2020,8:00,110,110,0
3/1/2020,9:00,83,82,1
3/1/2020,10:00,99,99,0
3/1/2020,11:00,99,98,1
3/1/2020,12:00,108,105,3
3/1/2020,13:00,105,104,1
3/1/2020,14:00,107,106,1
3/1/2020,15:00,112,109,3
3/1/2020,16:00,140,138,2
3/1/2020,17:00,157,155,2
3/1/2020,18:00,116,114,2
3/1/2020,19:00,76,76,0
3/1/2020,20:00,39,39,0
3/1/2020,21:00,24,24,0
3/1/2020,22:00,22,22,0
3/1/2020,23:00,7,7,0
4/1/2020,0:00,7,7,0
4/1/2020,1:00,3,3,0
4/1/2020,2:00,0,0,0
4/1/2020,3:00,1,1,0
4/1/2020,4:00,2,2,0
4/1/2020,5:00,8,8,0
4/1/2020,6:00,12,12,0
4/1/2020,7:00,25,24,1
4/1/2020,8:00,55,53,2
4/1/2020,9:00,78,78,0
4/1/2020,10:00,75,74,1
4/1/2020,11:00,78,76,2
4/1/2020,12:00,56,56,0
4/1/2020,13:00,60,59,1
4/1/2020,14:00,75,73,2
4/1/2020,15:00,89,87,2
4/1/2020,16:00,83,83,0
4/1/2020,17:00,100,100,0
4/1/2020,18:00,83,83,0
4/1/2020,19:00,56,55,1
4/1/2020,20:00,48,48,0
4/1/2020,21:00,31,31,0
4/1/2020,22:00,33,33,0
4/1/2020,23:00,18,18,0
5/1/2020,0:00,10,10,0
5/1/2020,1:00,13,13,0
5/1/2020,2:00,7,7,0
5/1/2020,3:00,2,2,0
5/1/2020,4:00,1,1,0
5/1/2020,5:00,6,5,1
5/1/2020,6:00,19,19,0
5/1/2020,7:00,41,40,1
5/1/2020,8:00,123,122,1
5/1/2020,9:00,162,161,1
5/1/2020,10:00,194,193,1
5/1/2020,11:00,202,200,2
5/1/2020,12:00,271,270,1
5/1/2020,13:00,237,234,3
5/1/2020,14:00,233,228,5
5/1/2020,15:00,195,192,3
5/1/2020,16:00,142,139,3
5/1/2020,17:00,109,109,0
5/1/2020,18:00,76,76,0
5/1/2020,19:00,65,65,0
5/1/2020,20:00,42,42,0
5/1/2020,21:00,33,33,0
5/1/2020,22:00,25,25,0
5/1/2020,23:00,14,14,0
6/1/2020,0:00,5,5,0
6/1/2020,1:00,10,10,0
6/1/2020,2:00,3,3,0
6/1/2020,3:00,4,4,0
6/1/2020,4:00,11,11,0
6/1/2020,5:00,38,37,1
6/1/2020,6:00,124,123,1
6/1/2020,7:00,348,345,3
6/1/2020,8:00,173,173,0
6/1/2020,9:00,111,109,2
6/1/2020,10:00,120,117,3
6/1/2020,11:00,138,137,1
6/1/2020,12:00,235,232,3
6/1/2020,13:00,198,198,0
6/1/2020,14:00,244,235,9
6/1/2020,15:00,256,256,0
6/1/2020,16:00,314,307,7
6/1/2020,17:00,298,297,1
6/1/2020,18:00,177,177,0
6/1/2020,19:00,131,130,1
6/1/2020,20:00,80,80,0
6/1/2020,21:00,38,38,0
6/1/2020,22:00,18,18,0
6/1/2020,23:00,13,13,0
7/1/2020,0:00,4,4,0
7/1/2020,1:00,8,8,0
7/1/2020,2:00,1,1,0
7/1/2020,3:00,6,6,0
7/1/2020,4:00,11,11,0
7/1/2020,5:00,48,48,0
7/1/2020,6:00,127,125,2
7/1/2020,7:00,362,359,3
7/1/2020,8:00,248,247,1
7/1/2020,9:00,236,236,0
7/1/2020,10:00,266,265,1
7/1/2020,11:00,294,294,0
7/1/2020,12:00,321,319,2
7/1/2020,13:00,260,258,2
7/1/2020,14:00,252,251,1
7/1/2020,15:00,277,275,2
7/1/2020,16:00,276,273,3
7/1/2020,17:00,272,271,1
7/1/2020,18:00,199,198,1
7/1/2020,19:00,109,108,1
7/1/2020,20:00,86,86,0
7/1/2020,21:00,49,49,0
7/1/2020,22:00,23,23,0
7/1/2020,23:00,15,15,0
8/1/2020,0:00,7,7,0
8/1/2020,1:00,4,4,0
8/1/2020,2:00,3,3,0
8/1/2020,3:00,6,6,0
8/1/2020,4:00,13,13,0
8/1/2020,5:00,41,40,1
8/1/2020,6:00,137,136,1
8/1/2020,7:00,407,402,5
8/1/2020,8:00,299,298,1
8/1/2020,9:00,182,182,0
8/1/2020,10:00,191,191,0
8/1/2020,11:00,147,146,1
8/1/2020,12:00,190,188,2
8/1/2020,13:00,209,209,0
8/1/2020,14:00,219,218,1
8/1/2020,15:00,267,266,1
8/1/2020,16:00,280,278,2
8/1/2020,17:00,319,319,0
8/1/2020,18:00,203,203,0
8/1/2020,19:00,100,100,0
8/1/2020,20:00,64,64,0
8/1/2020,21:00,33,33,0
8/1/2020,22:00,34,34,0
8/1/2020,23:00,13,13,0
9/1/2020,0:00,13,13,0
9/1/2020,1:00,9,9,0
9/1/2020,2:00,4,4,0
9/1/2020,3:00,2,2,0
9/1/2020,4:00,10,10,0
9/1/2020,5:00,44,44,0
9/1/2020,6:00,34,34,0
9/1/2020,7:00,124,122,2
9/1/2020,8:00,97,97,0
9/1/2020,9:00,49,49,0
9/1/2020,10:00,62,62,0
9/1/2020,11:00,86,85,1
9/1/2020,12:00,138,138,0
9/1/2020,13:00,137,137,0
9/1/2020,14:00,168,168,0
9/1/2020,15:00,212,211,1
9/1/2020,16:00,248,247,1
9/1/2020,17:00,226,225,1
9/1/2020,18:00,135,135,0
9/1/2020,19:00,82,82,0
9/1/2020,20:00,65,65,0
9/1/2020,21:00,39,39,0
9/1/2020,22:00,22,22,0
9/1/2020,23:00,5,5,0
10/1/2020,0:00,5,5,0
10/1/2020,1:00,4,4,0
10/1/2020,2:00,2,2,0
10/1/2020,3:00,0,0,0
10/1/2020,4:00,3,3,0
10/1/2020,5:00,15,14,1
10/1/2020,6:00,30,30,0
10/1/2020,7:00,91,90,1
10/1/2020,8:00,65,64,1
10/1/2020,9:00,63,58,5
10/1/2020,10:00,62,55,7
10/1/2020,11:00,43,39,4
10/1/2020,12:00,23,23,0
10/1/2020,13:00,27,26,1
10/1/2020,14:00,42,41,1
10/1/2020,15:00,65,63,2
10/1/2020,16:00,86,83,3
10/1/2020,17:00,83,82,1
10/1/2020,18:00,36,36,0
10/1/2020,19:00,0,0,0
10/1/2020,20:00,0,0,0
10/1/2020,21:00,0,0,0
10/1/2020,22:00,0,0,0
10/1/2020,23:00,0,0,0
11/1/2020,0:00,1,1,0
11/1/2020,1:00,0,0,0
11/1/2020,2:00,1,1,0
11/1/2020,3:00,0,0,0
11/1/2020,4:00,0,0,0
11/1/2020,5:00,1,1,0
11/1/2020,6:00,3,3,0
11/1/2020,7:00,7,7,0
11/1/2020,8:00,15,15,0
11/1/2020,9:00,20,20,0
11/1/2020,10:00,29,27,2
11/1/2020,11:00,31,31,0
11/1/2020,12:00,36,36,0
11/1/2020,13:00,38,38,0
11/1/2020,14:00,66,65,1
11/1/2020,15:00,29,29,0
11/1/2020,16:00,24,21,3
11/1/2020,17:00,8,8,0
11/1/2020,18:00,4,4,0
11/1/2020,19:00,3,3,0
11/1/2020,20:00,4,4,0
11/1/2020,21:00,2,2,0
11/1/2020,22:00,6,6,0
11/1/2020,23:00,3,3,0
12/1/2020,0:00,4,4,0
12/1/2020,1:00,2,2,0
12/1/2020,2:00,5,5,0
12/1/2020,3:00,3,3,0
12/1/2020,4:00,1,1,0
12/1/2020,5:00,4,4,0
12/1/2020,6:00,9,9,0
12/1/2020,7:00,29,28,1
12/1/2020,8:00,44,41,3
12/1/2020,9:00,41,38,3
12/1/2020,10:00,23,23,0
12/1/2020,11:00,44,44,0
12/1/2020,12:00,62,60,2
12/1/2020,13:00,47,47,0
12/1/2020,14:00,54,54,0
12/1/2020,15:00,60,60,0
12/1/2020,16:00,65,64,1
12/1/2020,17:00,64,64,0
12/1/2020,18:00,45,45,0
12/1/2020,19:00,19,19,0
12/1/2020,20:00,11,11,0
12/1/2020,21:00,7,7,0
12/1/2020,22:00,3,3,0
12/1/2020,23:00,8,8,0
13/01/2020,0:00,1,1,0
13/01/2020,1:00,3,3,0
13/01/2020,2:00,0,0,0
13/01/2020,3:00,4,4,0
13/01/2020,4:00,5,5,0
13/01/2020,5:00,21,21,0
13/01/2020,6:00,48,48,0
13/01/2020,7:00,192,192,0
13/01/2020,8:00,131,130,1
13/01/2020,9:00,85,85,0
13/01/2020,10:00,90,90,0
13/01/2020,11:00,99,99,0
13/01/2020,12:00,112,112,0
13/01/2020,13:00,95,94,1
13/01/2020,14:00,98,97,1
13/01/2020,15:00,134,133,1
13/01/2020,16:00,142,141,1
13/01/2020,17:00,157,157,0
13/01/2020,18:00,119,117,2
13/01/2020,19:00,69,68,1
13/01/2020,20:00,55,55,0
13/01/2020,21:00,24,24,0
13/01/2020,22:00,15,15,0
13/01/2020,23:00,10,10,0
14/01/2020,0:00,6,6,0
14/01/2020,1:00,2,2,0
14/01/2020,2:00,1,1,0
14/01/2020,3:00,2,2,0
14/01/2020,4:00,1,1,0
14/01/2020,5:00,29,29,0
14/01/2020,6:00,62,61,1
14/01/2020,7:00,158,156,2
14/01/2020,8:00,100,99,1
14/01/2020,9:00,62,62,0
14/01/2020,10:00,93,93,0
14/01/2020,11:00,213,213,0
14/01/2020,12:00,212,208,4
14/01/2020,13:00,212,209,3
14/01/2020,14:00,257,257,0
14/01/2020,15:00,294,291,3
14/01/2020,16:00,336,333,3
14/01/2020,17:00,325,322,3
14/01/2020,18:00,188,188,0
14/01/2020,19:00,94,94,0
14/01/2020,20:00,87,87,0
14/01/2020,21:00,28,28,0
14/01/2020,22:00,4,4,0
14/01/2020,23:00,1,1,0
15/01/2020,0:00,1,1,0
15/01/2020,1:00,3,3,0
15/01/2020,2:00,0,0,0
15/01/2020,3:00,1,1,0
15/01/2020,4:00,4,4,0
15/01/2020,5:00,14,13,1
15/01/2020,6:00,51,51,0
15/01/2020,7:00,100,98,2
15/01/2020,8:00,88,86,2
15/01/2020,9:00,47,46,1
15/01/2020,10:00,17,17,0
15/01/2020,11:00,80,80,0
15/01/2020,12:00,84,84,0
15/01/2020,13:00,81,81,0
15/01/2020,14:00,80,78,2
15/01/2020,15:00,141,139,2
15/01/2020,16:00,154,152,2
15/01/2020,17:00,141,138,3
15/01/2020,18:00,110,107,3
15/01/2020,19:00,45,45,0
15/01/2020,20:00,31,31,0
15/01/2020,21:00,10,10,0
15/01/2020,22:00,5,5,0
15/01/2020,23:00,4,4,0
16/01/2020,0:00,1,1,0
16/01/2020,1:00,1,1,0
16/01/2020,2:00,0,0,0
16/01/2020,3:00,3,3,0
16/01/2020,4:00,9,9,0
16/01/2020,5:00,20,20,0
16/01/2020,6:00,126,126,0
16/01/2020,7:00,341,338,3
16/01/2020,8:00,274,274,0
16/01/2020,9:00,186,183,3
16/01/2020,10:00,161,160,1
16/01/2020,11:00,198,198,0
16/01/2020,12:00,246,246,0
16/01/2020,13:00,225,225,0
16/01/2020,14:00,231,230,1
16/01/2020,15:00,236,236,0
16/01/2020,16:00,217,216,1
16/01/2020,17:00,206,202,4
16/01/2020,18:00,148,148,0
16/01/2020,19:00,76,76,0
16/01/2020,20:00,59,59,0
16/01/2020,21:00,29,29,0
16/01/2020,22:00,20,20,0
16/01/2020,23:00,6,6,0
17/01/2020,0:00,4,4,0
17/01/2020,1:00,4,4,0
17/01/2020,2:00,4,4,0
17/01/2020,3:00,4,4,0
17/01/2020,4:00,10,10,0
17/01/2020,5:00,31,30,1
17/01/2020,6:00,86,86,0
17/01/2020,7:00,245,244,1
17/01/2020,8:00,165,165,0
17/01/2020,9:00,108,108,0
17/01/2020,10:00,124,124,0
17/01/2020,11:00,140,138,2
17/01/2020,12:00,131,131,0
17/01/2020,13:00,99,98,1
17/01/2020,14:00,103,103,0
17/01/2020,15:00,122,122,0
17/01/2020,16:00,125,125,0
17/01/2020,17:00,106,106,0
17/01/2020,18:00,14,12,2
17/01/2020,19:00,12,12,0
17/01/2020,20:00,3,3,0
17/01/2020,21:00,4,4,0
17/01/2020,22:00,2,2,0
17/01/2020,23:00,0,0,0
18/01/2020,0:00,0,0,0
18/01/2020,1:00,0,0,0
18/01/2020,2:00,0,0,0
18/01/2020,3:00,0,0,0
18/01/2020,4:00,0,0,0
18/01/2020,5:00,2,2,0
18/01/2020,6:00,0,0,0
18/01/2020,7:00,1,1,0
18/01/2020,8:00,7,6,1
18/01/2020,9:00,10,10,0
18/01/2020,10:00,19,17,2
18/01/2020,11:00,25,24,1
18/01/2020,12:00,29,28,1
18/01/2020,13:00,17,17,0
18/01/2020,14:00,30,30,0
18/01/2020,15:00,30,30,0
18/01/2020,16:00,37,37,0
18/01/2020,17:00,48,48,0
18/01/2020,18:00,40,40,0
18/01/2020,19:00,19,19,0
18/01/2020,20:00,23,23,0
18/01/2020,21:00,20,20,0
18/01/2020,22:00,6,6,0
18/01/2020,23:00,4,4,0
19/01/2020,0:00,3,3,0
19/01/2020,1:00,5,5,0
19/01/2020,2:00,2,2,0
19/01/2020,3:00,0,0,0
19/01/2020,4:00,1,1,0
19/01/2020,5:00,4,4,0
19/01/2020,6:00,7,7,0
19/01/2020,7:00,23,23,0
19/01/2020,8:00,57,57,0
19/01/2020,9:00,80,80,0
19/01/2020,10:00,62,62,0
19/01/2020,11:00,87,85,2
19/01/2020,12:00,77,77,0
19/01/2020,13:00,62,62,0
19/01/2020,14:00,77,77,0
19/01/2020,15:00,55,55,0
19/01/2020,16:00,54,54,0
19/01/2020,17:00,79,79,0
19/01/2020,18:00,49,49,0
19/01/2020,19:00,33,33,0
19/01/2020,20:00,33,33,0
19/01/2020,21:00,30,30,0
19/01/2020,22:00,12,12,0
19/01/2020,23:00,7,7,0
20/01/2020,0:00,2,2,0
20/01/2020,1:00,4,4,0
20/01/2020,2:00,2,2,0
20/01/2020,3:00,3,3,0
20/01/2020,4:00,6,6,0
20/01/2020,5:00,14,14,0
20/01/2020,6:00,48,48,0
20/01/2020,7:00,113,113,0
20/01/2020,8:00,92,92,0
20/01/2020,9:00,71,71,0
20/01/2020,10:00,78,78,0
20/01/2020,11:00,72,71,1
20/01/2020,12:00,109,109,0
20/01/2020,13:00,88,88,0
20/01/2020,14:00,102,102,0
20/01/2020,15:00,105,105,0
20/01/2020,16:00,156,156,0
20/01/2020,17:00,160,159,1
20/01/2020,18:00,126,126,0
20/01/2020,19:00,87,87,0
20/01/2020,20:00,64,64,0
20/01/2020,21:00,24,24,0
20/01/2020,22:00,20,20,0
20/01/2020,23:00,7,7,0
21/01/2020,0:00,3,3,0
21/01/2020,1:00,4,4,0
21/01/2020,2:00,2,2,0
21/01/2020,3:00,2,2,0
21/01/2020,4:00,7,7,0
21/01/2020,5:00,46,46,0
21/01/2020,6:00,121,121,0
21/01/2020,7:00,386,385,1
21/01/2020,8:00,218,217,1
21/01/2020,9:00,203,202,1
21/01/2020,10:00,227,227,0
21/01/2020,11:00,225,225,0
21/01/2020,12:00,211,211,0
21/01/2020,13:00,176,176,0
21/01/2020,14:00,155,155,0
21/01/2020,15:00,156,156,0
21/01/2020,16:00,205,203,2
21/01/2020,17:00,229,227,2
21/01/2020,18:00,192,192,0
21/01/2020,19:00,83,83,0
21/01/2020,20:00,67,64,3
21/01/2020,21:00,38,38,0
21/01/2020,22:00,17,17,0
21/01/2020,23:00,13,13,0
22/01/2020,0:00,4,4,0
22/01/2020,1:00,4,4,0
22/01/2020,2:00,3,3,0
22/01/2020,3:00,2,2,0
22/01/2020,4:00,6,6,0
22/01/2020,5:00,30,30,0
22/01/2020,6:00,102,101,1
22/01/2020,7:00,330,328,2
22/01/2020,8:00,237,236,1
22/01/2020,9:00,143,142,1
22/01/2020,10:00,134,134,0
22/01/2020,11:00,182,182,0
22/01/2020,12:00,141,141,0
22/01/2020,13:00,83,82,1
22/01/2020,14:00,107,106,1
22/01/2020,15:00,157,156,1
22/01/2020,16:00,202,201,1
22/01/2020,17:00,195,194,1
22/01/2020,18:00,165,164,1
22/01/2020,19:00,88,88,0
22/01/2020,20:00,55,55,0
22/01/2020,21:00,27,27,0
22/01/2020,22:00,15,15,0
22/01/2020,23:00,6,6,0
23/01/2020,0:00,2,2,0
23/01/2020,1:00,1,1,0
23/01/2020,2:00,0,0,0
23/01/2020,3:00,0,0,0
23/01/2020,4:00,0,0,0
23/01/2020,5:00,0,0,0
23/01/2020,6:00,0,0,0
23/01/2020,7:00,0,0,0
23/01/2020,8:00,0,0,0
23/01/2020,9:00,2,0,2
23/01/2020,10:00,11,11,0
23/01/2020,11:00,8,8,0
23/01/2020,12:00,15,15,0
23/01/2020,13:00,16,16,0
23/01/2020,14:00,10,10,0
23/01/2020,15:00,24,24,0
23/01/2020,16:00,24,24,0
23/01/2020,17:00,14,14,0
23/01/2020,18:00,18,18,0
23/01/2020,19:00,7,6,1
23/01/2020,20:00,1,1,0
23/01/2020,21:00,0,0,0
23/01/2020,22:00,0,0,0
23/01/2020,23:00,0,0,0
24/01/2020,0:00,0,0,0
24/01/2020,1:00,4,4,0
24/01/2020,2:00,1,1,0
24/01/2020,3:00,2,2,0
24/01/2020,4:00,9,9,0
24/01/2020,5:00,10,10,0
24/01/2020,6:00,18,16,2
24/01/2020,7:00,56,56,0
24/01/2020,8:00,48,48,0
24/01/2020,9:00,34,32,2
24/01/2020,10:00,41,41,0
24/01/2020,11:00,45,45,0
24/01/2020,12:00,69,69,0
24/01/2020,13:00,55,55,0
24/01/2020,14:00,79,79,0
24/01/2020,15:00,130,130,0
24/01/2020,16:00,164,162,2
24/01/2020,17:00,174,174,0
24/01/2020,18:00,150,150,0
24/01/2020,19:00,59,59,0
24/01/2020,20:00,45,45,0
24/01/2020,21:00,27,27,0
24/01/2020,22:00,23,23,0
24/01/2020,23:00,4,4,0
25/01/2020,0:00,2,2,0
25/01/2020,1:00,0,0,0
25/01/2020,2:00,0,0,0
25/01/2020,3:00,2,2,0
25/01/2020,4:00,1,1,0
25/01/2020,5:00,4,4,0
25/01/2020,6:00,7,7,0
25/01/2020,7:00,15,15,0
25/01/2020,8:00,33,32,1
25/01/2020,9:00,48,47,1
25/01/2020,10:00,55,55,0
25/01/2020,11:00,87,87,0
25/01/2020,12:00,101,101,0
25/01/2020,13:00,106,104,2
25/01/2020,14:00,102,102,0
25/01/2020,15:00,91,90,1
25/01/2020,16:00,97,97,0
25/01/2020,17:00,100,99,1
25/01/2020,18:00,93,93,0
25/01/2020,19:00,65,65,0
25/01/2020,20:00,36,36,0
25/01/2020,21:00,36,36,0
25/01/2020,22:00,12,12,0
25/01/2020,23:00,10,10,0
26/01/2020,0:00,6,6,0
26/01/2020,1:00,2,2,0
26/01/2020,2:00,5,5,0
26/01/2020,3:00,3,3,0
26/01/2020,4:00,1,1,0
26/01/2020,5:00,8,8,0
26/01/2020,6:00,17,17,0
26/01/2020,7:00,40,38,2
26/01/2020,8:00,110,110,0
26/01/2020,9:00,131,125,6
26/01/2020,10:00,202,202,0
26/01/2020,11:00,202,202,0
26/01/2020,12:00,278,277,1
26/01/2020,13:00,257,257,0
26/01/2020,14:00,229,229,0
26/01/2020,15:00,172,172,0
26/01/2020,16:00,142,142,0
26/01/2020,17:00,150,150,0
26/01/2020,18:00,113,113,0
26/01/2020,19:00,58,58,0
26/01/2020,20:00,49,49,0
26/01/2020,21:00,24,24,0
26/01/2020,22:00,7,7,0
26/01/2020,23:00,3,3,0
27/01/2020,0:00,4,4,0
27/01/2020,1:00,2,2,0
27/01/2020,2:00,1,1,0
27/01/2020,3:00,2,2,0
27/01/2020,4:00,4,4,0
27/01/2020,5:00,13,12,1
27/01/2020,6:00,69,69,0
27/01/2020,7:00,187,185,2
27/01/2020,8:00,120,119,1
27/01/2020,9:00,76,75,1
27/01/2020,10:00,86,86,0
27/01/2020,11:00,99,99,0
27/01/2020,12:00,114,114,0
27/01/2020,13:00,90,90,0
27/01/2020,14:00,87,87,0
27/01/2020,15:00,105,104,1
27/01/2020,16:00,175,172,3
27/01/2020,17:00,140,139,1
27/01/2020,18:00,90,90,0
27/01/2020,19:00,76,76,0
27/01/2020,20:00,45,44,1
27/01/2020,21:00,24,24,0
27/01/2020,22:00,14,14,0
27/01/2020,23:00,3,3,0
28/01/2020,0:00,2,2,0
28/01/2020,1:00,1,1,0
28/01/2020,2:00,4,4,0
28/01/2020,3:00,1,1,0
28/01/2020,4:00,3,3,0
28/01/2020,5:00,26,26,0
28/01/2020,6:00,77,76,1
28/01/2020,7:00,208,205,3
28/01/2020,8:00,139,137,2
28/01/2020,9:00,71,70,1
28/01/2020,10:00,89,89,0
28/01/2020,11:00,102,101,1
28/01/2020,12:00,111,110,1
28/01/2020,13:00,95,95,0
28/01/2020,14:00,120,120,0
28/01/2020,15:00,148,147,1
28/01/2020,16:00,160,156,4
28/01/2020,17:00,181,180,1
28/01/2020,18:00,132,132,0
28/01/2020,19:00,54,54,0
28/01/2020,20:00,29,29,0
28/01/2020,21:00,19,19,0
28/01/2020,22:00,11,11,0
28/01/2020,23:00,6,6,0
29/01/2020,0:00,3,3,0
29/01/2020,1:00,3,3,0
29/01/2020,2:00,0,0,0
29/01/2020,3:00,5,5,0
29/01/2020,4:00,4,4,0
29/01/2020,5:00,15,15,0
29/01/2020,6:00,42,42,0
29/01/2020,7:00,172,172,0
29/01/2020,8:00,127,125,2
29/01/2020,9:00,115,115,0
29/01/2020,10:00,91,91,0
29/01/2020,11:00,98,98,0
29/01/2020,12:00,111,110,1
29/01/2020,13:00,97,97,0
29/01/2020,14:00,110,110,0
29/01/2020,15:00,125,125,0
29/01/2020,16:00,152,152,0
29/01/2020,17:00,186,186,0
29/01/2020,18:00,125,125,0
29/01/2020,19:00,72,71,1
29/01/2020,20:00,46,46,0
29/01/2020,21:00,23,23,0
29/01/2020,22:00,15,15,0
29/01/2020,23:00,7,7,0
30/01/2020,0:00,3,3,0
30/01/2020,1:00,1,1,0
30/01/2020,2:00,4,4,0
30/01/2020,3:00,2,2,0
30/01/2020,4:00,3,3,0
30/01/2020,5:00,33,33,0
30/01/2020,6:00,68,67,1
30/01/2020,7:00,188,186,2
30/01/2020,8:00,144,144,0
30/01/2020,9:00,86,85,1
30/01/2020,10:00,90,90,0
30/01/2020,11:00,131,131,0
30/01/2020,12:00,104,104,0
30/01/2020,13:00,88,88,0
30/01/2020,14:00,110,109,1
30/01/2020,15:00,144,142,2
30/01/2020,16:00,201,199,2
30/01/2020,17:00,212,210,2
30/01/2020,18:00,139,139,0
30/01/2020,19:00,72,72,0
30/01/2020,20:00,57,57,0
30/01/2020,21:00,39,39,0
30/01/2020,22:00,22,22,0
30/01/2020,23:00,10,10,0
31/01/2020,0:00,1,1,0
31/01/2020,1:00,4,4,0
31/01/2020,2:00,3,3,0
31/01/2020,3:00,3,3,0
31/01/2020,4:00,4,4,0
31/01/2020,5:00,28,27,1
31/01/2020,6:00,88,88,0
31/01/2020,7:00,292,289,3
31/01/2020,8:00,108,108,0
31/01/2020,9:00,72,71,1
31/01/2020,10:00,81,81,0
31/01/2020,11:00,84,84,0
31/01/2020,12:00,85,85,0
31/01/2020,13:00,79,78,1
31/01/2020,14:00,100,98,2
31/01/2020,15:00,151,149,2
31/01/2020,16:00,181,178,3
31/01/2020,17:00,246,245,1
31/01/2020,18:00,155,155,0
31/01/2020,19:00,113,113,0
31/01/2020,20:00,71,71,0
31/01/2020,21:00,39,39,0
31/01/2020,22:00,13,13,0
31/01/2020,23:00,6,6,0
1/2/2020,0:00,1,1,0
1/2/2020,1:00,2,2,0
1/2/2020,2:00,0,0,0
1/2/2020,3:00,0,0,0
1/2/2020,4:00,2,2,0
1/2/2020,5:00,2,2,0
1/2/2020,6:00,10,10,0
1/2/2020,7:00,37,37,0
1/2/2020,8:00,54,53,1
1/2/2020,9:00,84,82,2
1/2/2020,10:00,109,109,0
1/2/2020,11:00,120,120,0
1/2/2020,12:00,122,120,2
1/2/2020,13:00,107,106,1
1/2/2020,14:00,109,108,1
1/2/2020,15:00,108,108,0
1/2/2020,16:00,103,103,0
1/2/2020,17:00,132,132,0
1/2/2020,18:00,123,123,0
1/2/2020,19:00,85,85,0
1/2/2020,20:00,47,47,0
1/2/2020,21:00,41,41,0
1/2/2020,22:00,33,33,0
1/2/2020,23:00,17,17,0
2/2/2020,0:00,12,12,0
2/2/2020,1:00,13,13,0
2/2/2020,2:00,5,5,0
2/2/2020,3:00,3,3,0
2/2/2020,4:00,3,3,0
2/2/2020,5:00,5,5,0
2/2/2020,6:00,22,22,0
2/2/2020,7:00,34,30,4
2/2/2020,8:00,110,109,1
2/2/2020,9:00,145,144,1
2/2/2020,10:00,219,210,9
2/2/2020,11:00,212,202,10
2/2/2020,12:00,305,290,15
2/2/2020,13:00,294,269,25
2/2/2020,14:00,315,279,36
2/2/2020,15:00,311,286,25
2/2/2020,16:00,248,234,14
2/2/2020,17:00,148,143,5
2/2/2020,18:00,97,97,0
2/2/2020,19:00,89,89,0
2/2/2020,20:00,72,72,0
2/2/2020,21:00,83,83,0
2/2/2020,22:00,33,33,0
2/2/2020,23:00,17,17,0
3/2/2020,0:00,2,2,0
3/2/2020,1:00,3,3,0
3/2/2020,2:00,1,1,0
3/2/2020,3:00,2,2,0
3/2/2020,4:00,7,7,0
3/2/2020,5:00,27,26,1
3/2/2020,6:00,104,103,1
3/2/2020,7:00,321,318,3
3/2/2020,8:00,225,222,3
3/2/2020,9:00,160,157,3
3/2/2020,10:00,189,184,5
3/2/2020,11:00,233,230,3
3/2/2020,12:00,254,246,8
3/2/2020,13:00,223,213,10
3/2/2020,14:00,217,203,14
3/2/2020,15:00,249,243,6
3/2/2020,16:00,301,291,10
3/2/2020,17:00,334,329,5
3/2/2020,18:00,236,232,4
3/2/2020,19:00,153,151,2
3/2/2020,20:00,58,58,0
3/2/2020,21:00,20,20,0
3/2/2020,22:00,8,8,0
3/2/2020,23:00,2,2,0
4/2/2020,0:00,1,1,0
4/2/2020,1:00,0,0,0
4/2/2020,2:00,2,2,0
4/2/2020,3:00,3,3,0
4/2/2020,4:00,4,4,0
4/2/2020,5:00,27,27,0
4/2/2020,6:00,80,79,1
4/2/2020,7:00,193,189,4
4/2/2020,8:00,141,139,2
4/2/2020,9:00,61,61,0
4/2/2020,10:00,65,65,0
4/2/2020,11:00,70,70,0
4/2/2020,12:00,98,98,0
4/2/2020,13:00,61,60,1
4/2/2020,14:00,85,85,0
4/2/2020,15:00,113,113,0
4/2/2020,16:00,138,138,0
4/2/2020,17:00,126,125,1
4/2/2020,18:00,83,83,0
4/2/2020,19:00,43,43,0
4/2/2020,20:00,25,25,0
4/2/2020,21:00,21,21,0
4/2/2020,22:00,14,14,0
4/2/2020,23:00,2,2,0
5/2/2020,0:00,1,1,0
5/2/2020,1:00,2,2,0
5/2/2020,2:00,4,4,0
5/2/2020,3:00,3,3,0
5/2/2020,4:00,5,5,0
5/2/2020,5:00,30,29,1
5/2/2020,6:00,74,74,0
5/2/2020,7:00,237,235,2
5/2/2020,8:00,168,167,1
5/2/2020,9:00,106,105,1
5/2/2020,10:00,94,94,0
5/2/2020,11:00,121,121,0
5/2/2020,12:00,114,114,0
5/2/2020,13:00,54,53,1
5/2/2020,14:00,15,15,0
5/2/2020,15:00,18,18,0
5/2/2020,16:00,15,15,0
5/2/2020,17:00,15,14,1
5/2/2020,18:00,4,3,1
5/2/2020,19:00,8,8,0
5/2/2020,20:00,3,3,0
5/2/2020,21:00,3,3,0
5/2/2020,22:00,5,5,0
5/2/2020,23:00,5,5,0
6/2/2020,0:00,4,4,0
6/2/2020,1:00,15,15,0
6/2/2020,2:00,5,5,0
6/2/2020,3:00,7,7,0
6/2/2020,4:00,5,5,0
6/2/2020,5:00,6,6,0
6/2/2020,6:00,21,21,0
6/2/2020,7:00,45,44,1
6/2/2020,8:00,63,63,0
6/2/2020,9:00,36,36,0
6/2/2020,10:00,28,28,0
6/2/2020,11:00,30,30,0
6/2/2020,12:00,32,32,0
6/2/2020,13:00,33,32,1
6/2/2020,14:00,52,52,0
6/2/2020,15:00,156,156,0
6/2/2020,16:00,202,202,0
6/2/2020,17:00,175,174,1
6/2/2020,18:00,104,104,0
6/2/2020,19:00,64,64,0
6/2/2020,20:00,52,52,0
6/2/2020,21:00,31,31,0
6/2/2020,22:00,14,14,0
6/2/2020,23:00,8,8,0
7/2/2020,0:00,5,5,0
7/2/2020,1:00,6,6,0
7/2/2020,2:00,1,1,0
7/2/2020,3:00,1,1,0
7/2/2020,4:00,12,12,0
7/2/2020,5:00,27,27,0
7/2/2020,6:00,88,88,0
7/2/2020,7:00,344,344,0
7/2/2020,8:00,240,240,0
7/2/2020,9:00,215,215,0
7/2/2020,10:00,274,274,0
7/2/2020,11:00,336,334,2
7/2/2020,12:00,335,334,1
7/2/2020,13:00,284,284,0
7/2/2020,14:00,265,264,1
7/2/2020,15:00,336,333,3
7/2/2020,16:00,329,326,3
7/2/2020,17:00,337,336,1
7/2/2020,18:00,235,235,0
7/2/2020,19:00,62,62,0
7/2/2020,20:00,26,26,0
7/2/2020,21:00,23,23,0
7/2/2020,22:00,16,16,0
7/2/2020,23:00,7,7,0
8/2/2020,0:00,3,3,0
8/2/2020,1:00,7,4,3
8/2/2020,2:00,1,1,0
8/2/2020,3:00,3,3,0
8/2/2020,4:00,2,2,0
8/2/2020,5:00,6,6,0
8/2/2020,6:00,14,14,0
8/2/2020,7:00,52,52,0
8/2/2020,8:00,73,71,2
8/2/2020,9:00,128,124,4
8/2/2020,10:00,127,125,2
8/2/2020,11:00,159,159,0
8/2/2020,12:00,200,199,1
8/2/2020,13:00,115,113,2
8/2/2020,14:00,81,80,1
8/2/2020,15:00,117,116,1
8/2/2020,16:00,143,143,0
8/2/2020,17:00,258,258,0
8/2/2020,18:00,198,198,0
8/2/2020,19:00,116,116,0
8/2/2020,20:00,76,76,0
8/2/2020,21:00,44,44,0
8/2/2020,22:00,37,37,0
8/2/2020,23:00,31,31,0
9/2/2020,0:00,15,15,0
9/2/2020,1:00,11,11,0
9/2/2020,2:00,4,4,0
9/2/2020,3:00,4,4,0
9/2/2020,4:00,1,1,0
9/2/2020,5:00,9,9,0
9/2/2020,6:00,12,12,0
9/2/2020,7:00,45,45,0
9/2/2020,8:00,100,100,0
9/2/2020,9:00,69,69,0
9/2/2020,10:00,23,23,0
9/2/2020,11:00,5,5,0
9/2/2020,12:00,5,5,0
9/2/2020,13:00,3,3,0
9/2/2020,14:00,17,17,0
9/2/2020,15:00,12,12,0
9/2/2020,16:00,18,18,0
9/2/2020,17:00,15,15,0
9/2/2020,18:00,11,11,0
9/2/2020,19:00,12,12,0
9/2/2020,20:00,8,8,0
9/2/2020,21:00,8,8,0
9/2/2020,22:00,3,3,0
9/2/2020,23:00,1,1,0
10/2/2020,0:00,2,2,0
10/2/2020,1:00,2,2,0
10/2/2020,2:00,0,0,0
10/2/2020,3:00,0,0,0
10/2/2020,4:00,2,2,0
10/2/2020,5:00,17,17,0
10/2/2020,6:00,57,57,0
10/2/2020,7:00,203,200,3
10/2/2020,8:00,110,109,1
10/2/2020,9:00,62,62,0
10/2/2020,10:00,58,57,1
10/2/2020,11:00,75,74,1
10/2/2020,12:00,76,76,0
10/2/2020,13:00,89,88,1
10/2/2020,14:00,62,62,0
10/2/2020,15:00,102,102,0
10/2/2020,16:00,147,145,2
10/2/2020,17:00,176,174,2
10/2/2020,18:00,104,104,0
10/2/2020,19:00,69,68,1
10/2/2020,20:00,54,53,1
10/2/2020,21:00,25,25,0
10/2/2020,22:00,11,11,0
10/2/2020,23:00,6,6,0
11/2/2020,0:00,5,5,0
11/2/2020,1:00,2,2,0
11/2/2020,2:00,2,2,0
11/2/2020,3:00,2,2,0
11/2/2020,4:00,5,5,0
11/2/2020,5:00,38,38,0
11/2/2020,6:00,120,120,0
11/2/2020,7:00,282,280,2
11/2/2020,8:00,207,206,1
11/2/2020,9:00,185,185,0
11/2/2020,10:00,200,197,3
11/2/2020,11:00,202,202,0
11/2/2020,12:00,227,227,0
11/2/2020,13:00,229,229,0
11/2/2020,14:00,226,223,3
11/2/2020,15:00,206,202,4
11/2/2020,16:00,241,236,5
11/2/2020,17:00,244,240,4
11/2/2020,18:00,193,193,0
11/2/2020,19:00,108,107,1
11/2/2020,20:00,90,90,0
11/2/2020,21:00,46,46,0
11/2/2020,22:00,30,30,0
11/2/2020,23:00,12,12,0
12/2/2020,0:00,7,7,0
12/2/2020,1:00,5,5,0
12/2/2020,2:00,3,3,0
12/2/2020,3:00,3,3,0
12/2/2020,4:00,12,12,0
12/2/2020,5:00,41,41,0
12/2/2020,6:00,125,125,0
12/2/2020,7:00,255,255,0
12/2/2020,8:00,206,203,3
12/2/2020,9:00,131,130,1
12/2/2020,10:00,139,137,2
12/2/2020,11:00,145,144,1
12/2/2020,12:00,130,130,0
12/2/2020,13:00,33,32,1
12/2/2020,14:00,13,13,0
12/2/2020,15:00,17,17,0
12/2/2020,16:00,7,7,0
12/2/2020,17:00,8,8,0
12/2/2020,18:00,7,6,1
12/2/2020,19:00,4,4,0
12/2/2020,20:00,1,1,0
12/2/2020,21:00,1,1,0
12/2/2020,22:00,3,3,0
12/2/2020,23:00,1,1,0
13/02/2020,0:00,4,4,0
13/02/2020,1:00,14,14,0
13/02/2020,2:00,16,16,0
13/02/2020,3:00,12,12,0
13/02/2020,4:00,4,4,0
13/02/2020,5:00,12,12,0
13/02/2020,6:00,38,38,0
13/02/2020,7:00,111,111,0
13/02/2020,8:00,99,97,2
13/02/2020,9:00,62,62,0
13/02/2020,10:00,68,68,0
13/02/2020,11:00,79,79,0
13/02/2020,12:00,95,95,0
13/02/2020,13:00,77,76,1
13/02/2020,14:00,70,70,0
13/02/2020,15:00,78,78,0
13/02/2020,16:00,101,101,0
13/02/2020,17:00,141,141,0
13/02/2020,18:00,137,137,0
13/02/2020,19:00,89,89,0
13/02/2020,20:00,57,57,0
13/02/2020,21:00,33,33,0
13/02/2020,22:00,16,16,0
13/02/2020,23:00,6,6,0
14/02/2020,0:00,5,5,0
14/02/2020,1:00,0,0,0
14/02/2020,2:00,9,9,0
14/02/2020,3:00,4,4,0
14/02/2020,4:00,8,8,0
14/02/2020,5:00,34,34,0
14/02/2020,6:00,87,87,0
14/02/2020,7:00,381,381,0
14/02/2020,8:00,327,325,2
14/02/2020,9:00,229,227,2
14/02/2020,10:00,179,179,0
14/02/2020,11:00,255,255,0
14/02/2020,12:00,240,240,0
14/02/2020,13:00,184,184,0
14/02/2020,14:00,207,207,0
14/02/2020,15:00,239,239,0
14/02/2020,16:00,292,292,0
14/02/2020,17:00,311,311,0
14/02/2020,18:00,215,215,0
14/02/2020,19:00,130,130,0
14/02/2020,20:00,76,76,0
14/02/2020,21:00,63,63,0
14/02/2020,22:00,45,45,0
14/02/2020,23:00,13,13,0
15/02/2020,0:00,13,13,0
15/02/2020,1:00,6,6,0
15/02/2020,2:00,3,3,0
15/02/2020,3:00,5,5,0
15/02/2020,4:00,4,4,0
15/02/2020,5:00,13,13,0
15/02/2020,6:00,20,20,0
15/02/2020,7:00,83,79,4
15/02/2020,8:00,98,92,6
15/02/2020,9:00,148,148,0
15/02/2020,10:00,162,162,0
15/02/2020,11:00,223,222,1
15/02/2020,12:00,191,191,0
15/02/2020,13:00,175,175,0
15/02/2020,14:00,154,152,2
15/02/2020,15:00,162,161,1
15/02/2020,16:00,181,180,1
15/02/2020,17:00,212,212,0
15/02/2020,18:00,166,166,0
15/02/2020,19:00,130,130,0
15/02/2020,20:00,68,68,0
15/02/2020,21:00,62,62,0
15/02/2020,22:00,43,43,0
15/02/2020,23:00,25,25,0
16/02/2020,0:00,15,15,0
16/02/2020,1:00,8,8,0
16/02/2020,2:00,6,6,0
16/02/2020,3:00,4,4,0
16/02/2020,4:00,1,1,0
16/02/2020,5:00,8,8,0
16/02/2020,6:00,25,24,1
16/02/2020,7:00,70,68,2
16/02/2020,8:00,121,120,1
16/02/2020,9:00,157,156,1
16/02/2020,10:00,231,231,0
16/02/2020,11:00,254,249,5
16/02/2020,12:00,347,343,4
16/02/2020,13:00,322,322,0
16/02/2020,14:00,310,309,1
16/02/2020,15:00,281,275,6
16/02/2020,16:00,247,245,2
16/02/2020,17:00,216,216,0
16/02/2020,18:00,154,154,0
16/02/2020,19:00,90,90,0
16/02/2020,20:00,48,48,0
16/02/2020,21:00,50,50,0
16/02/2020,22:00,29,29,0
16/02/2020,23:00,16,16,0
17/02/2020,0:00,10,10,0
17/02/2020,1:00,5,5,0
17/02/2020,2:00,3,3,0
17/02/2020,3:00,5,5,0
17/02/2020,4:00,5,5,0
17/02/2020,5:00,27,26,1
17/02/2020,6:00,72,71,1
17/02/2020,7:00,165,163,2
17/02/2020,8:00,130,127,3
17/02/2020,9:00,109,109,0
17/02/2020,10:00,33,33,0
17/02/2020,11:00,23,23,0
17/02/2020,12:00,55,55,0
17/02/2020,13:00,31,31,0
17/02/2020,14:00,21,20,1
17/02/2020,15:00,32,32,0
17/02/2020,16:00,40,40,0
17/02/2020,17:00,27,26,1
17/02/2020,18:00,20,19,1
17/02/2020,19:00,13,13,0
17/02/2020,20:00,4,4,0
17/02/2020,21:00,3,3,0
17/02/2020,22:00,2,2,0
17/02/2020,23:00,4,4,0
18/02/2020,0:00,2,2,0
18/02/2020,1:00,2,2,0
18/02/2020,2:00,1,1,0
18/02/2020,3:00,0,0,0
18/02/2020,4:00,2,2,0
18/02/2020,5:00,11,11,0
18/02/2020,6:00,51,51,0
18/02/2020,7:00,163,161,2
18/02/2020,8:00,114,113,1
18/02/2020,9:00,91,91,0
18/02/2020,10:00,149,149,0
18/02/2020,11:00,206,206,0
18/02/2020,12:00,258,258,0
18/02/2020,13:00,172,169,3
18/02/2020,14:00,166,165,1
18/02/2020,15:00,209,209,0
18/02/2020,16:00,258,257,1
18/02/2020,17:00,285,284,1
18/02/2020,18:00,173,173,0
18/02/2020,19:00,89,89,0
18/02/2020,20:00,71,71,0
18/02/2020,21:00,48,48,0
18/02/2020,22:00,23,23,0
18/02/2020,23:00,2,2,0
19/02/2020,0:00,4,4,0
19/02/2020,1:00,4,4,0
19/02/2020,2:00,1,1,0
19/02/2020,3:00,5,5,0
19/02/2020,4:00,10,9,1
19/02/2020,5:00,42,42,0
19/02/2020,6:00,150,150,0
19/02/2020,7:00,389,386,3
19/02/2020,8:00,283,282,1
19/02/2020,9:00,170,169,1
19/02/2020,10:00,179,179,0
19/02/2020,11:00,187,187,0
19/02/2020,12:00,222,222,0
19/02/2020,13:00,148,147,1
19/02/2020,14:00,188,188,0
19/02/2020,15:00,213,210,3
19/02/2020,16:00,226,225,1
19/02/2020,17:00,248,246,2
19/02/2020,18:00,189,188,1
19/02/2020,19:00,109,109,0
19/02/2020,20:00,59,59,0
19/02/2020,21:00,31,31,0
19/02/2020,22:00,10,10,0
19/02/2020,23:00,9,9,0
20/02/2020,0:00,7,7,0
20/02/2020,1:00,2,2,0
20/02/2020,2:00,1,1,0
20/02/2020,3:00,3,3,0
20/02/2020,4:00,6,6,0
20/02/2020,5:00,33,33,0
20/02/2020,6:00,129,128,1
20/02/2020,7:00,358,356,2
20/02/2020,8:00,271,270,1
20/02/2020,9:00,150,150,0
20/02/2020,10:00,153,152,1
20/02/2020,11:00,208,208,0
20/02/2020,12:00,186,186,0
20/02/2020,13:00,155,154,1
20/02/2020,14:00,177,177,0
20/02/2020,15:00,211,210,1
20/02/2020,16:00,245,244,1
20/02/2020,17:00,273,272,1
20/02/2020,18:00,176,176,0
20/02/2020,19:00,121,121,0
20/02/2020,20:00,81,81,0
20/02/2020,21:00,55,55,0
20/02/2020,22:00,33,33,0
20/02/2020,23:00,10,10,0
21/02/2020,0:00,6,6,0
21/02/2020,1:00,10,10,0
21/02/2020,2:00,2,2,0
21/02/2020,3:00,7,7,0
21/02/2020,4:00,12,12,0
21/02/2020,5:00,36,35,1
21/02/2020,6:00,136,136,0
21/02/2020,7:00,375,374,1
21/02/2020,8:00,287,287,0
21/02/2020,9:00,190,189,1
21/02/2020,10:00,221,221,0
21/02/2020,11:00,243,242,1
21/02/2020,12:00,265,265,0
21/02/2020,13:00,212,212,0
21/02/2020,14:00,231,231,0
21/02/2020,15:00,303,301,2
21/02/2020,16:00,337,336,1
21/02/2020,17:00,326,326,0
21/02/2020,18:00,271,271,0
21/02/2020,19:00,168,167,1
21/02/2020,20:00,113,113,0
21/02/2020,21:00,107,107,0
21/02/2020,22:00,60,60,0
21/02/2020,23:00,40,40,0
22/02/2020,0:00,11,11,0
22/02/2020,1:00,11,11,0
22/02/2020,2:00,7,7,0
22/02/2020,3:00,9,9,0
22/02/2020,4:00,5,5,0
22/02/2020,5:00,22,22,0
22/02/2020,6:00,43,43,0
22/02/2020,7:00,93,93,0
22/02/2020,8:00,157,154,3
22/02/2020,9:00,239,237,2
22/02/2020,10:00,252,250,2
22/02/2020,11:00,292,287,5
22/02/2020,12:00,314,291,23
22/02/2020,13:00,282,279,3
22/02/2020,14:00,295,289,6
22/02/2020,15:00,291,283,8
22/02/2020,16:00,263,250,13
22/02/2020,17:00,299,290,9
22/02/2020,18:00,236,236,0
22/02/2020,19:00,133,133,0
22/02/2020,20:00,77,77,0
22/02/2020,21:00,83,83,0
22/02/2020,22:00,68,68,0
22/02/2020,23:00,31,31,0
23/02/2020,0:00,23,23,0
23/02/2020,1:00,12,12,0
23/02/2020,2:00,9,9,0
23/02/2020,3:00,7,7,0
23/02/2020,4:00,3,3,0
23/02/2020,5:00,13,13,0
23/02/2020,6:00,26,26,0
23/02/2020,7:00,57,55,2
23/02/2020,8:00,141,140,1
23/02/2020,9:00,155,155,0
23/02/2020,10:00,222,216,6
23/02/2020,11:00,223,219,4
23/02/2020,12:00,299,282,17
23/02/2020,13:00,305,267,38
23/02/2020,14:00,327,290,37
23/02/2020,15:00,308,270,38
23/02/2020,16:00,302,276,26
23/02/2020,17:00,246,240,6
23/02/2020,18:00,217,208,9
23/02/2020,19:00,109,109,0
23/02/2020,20:00,72,72,0
23/02/2020,21:00,50,50,0
23/02/2020,22:00,21,21,0
23/02/2020,23:00,11,11,0
24/02/2020,0:00,7,7,0
24/02/2020,1:00,2,2,0
24/02/2020,2:00,4,4,0
24/02/2020,3:00,6,6,0
24/02/2020,4:00,6,6,0
24/02/2020,5:00,23,23,0
24/02/2020,6:00,37,37,0
24/02/2020,7:00,84,84,0
24/02/2020,8:00,41,40,1
24/02/2020,9:00,41,41,0
24/02/2020,10:00,46,44,2
24/02/2020,11:00,58,58,0
24/02/2020,12:00,28,27,1
24/02/2020,13:00,33,33,0
24/02/2020,14:00,43,43,0
24/02/2020,15:00,37,37,0
24/02/2020,16:00,38,38,0
24/02/2020,17:00,37,37,0
24/02/2020,18:00,28,28,0
24/02/2020,19:00,27,27,0
24/02/2020,20:00,17,17,0
24/02/2020,21:00,4,4,0
24/02/2020,22:00,5,5,0
24/02/2020,23:00,2,2,0
25/02/2020,0:00,2,2,0
25/02/2020,1:00,1,1,0
25/02/2020,2:00,0,0,0
25/02/2020,3:00,2,2,0
25/02/2020,4:00,1,1,0
25/02/2020,5:00,11,11,0
25/02/2020,6:00,13,13,0
25/02/2020,7:00,79,78,1
25/02/2020,8:00,52,52,0
25/02/2020,9:00,31,31,0
25/02/2020,10:00,11,11,0
25/02/2020,11:00,11,11,0
25/02/2020,12:00,47,46,1
25/02/2020,13:00,46,46,0
25/02/2020,14:00,53,53,0
25/02/2020,15:00,76,76,0
25/02/2020,16:00,54,54,0
25/02/2020,17:00,69,69,0
25/02/2020,18:00,31,31,0
25/02/2020,19:00,13,13,0
25/02/2020,20:00,6,6,0
25/02/2020,21:00,4,4,0
25/02/2020,22:00,6,6,0
25/02/2020,23:00,1,1,0
26/02/2020,0:00,1,1,0
26/02/2020,1:00,1,1,0
26/02/2020,2:00,3,3,0
26/02/2020,3:00,5,5,0
26/02/2020,4:00,5,5,0
26/02/2020,5:00,2,2,0
26/02/2020,6:00,7,7,0
26/02/2020,7:00,22,22,0
26/02/2020,8:00,29,28,1
26/02/2020,9:00,20,20,0
26/02/2020,10:00,26,26,0
26/02/2020,11:00,33,33,0
26/02/2020,12:00,39,39,0
26/02/2020,13:00,55,55,0
26/02/2020,14:00,70,70,0
26/02/2020,15:00,90,90,0
26/02/2020,16:00,134,134,0
26/02/2020,17:00,160,160,0
26/02/2020,18:00,127,126,1
26/02/2020,19:00,74,74,0
26/02/2020,20:00,56,56,0
26/02/2020,21:00,32,32,0
26/02/2020,22:00,26,26,0
26/02/2020,23:00,11,11,0
27/02/2020,0:00,5,5,0
27/02/2020,1:00,5,5,0
27/02/2020,2:00,4,4,0
27/02/2020,3:00,6,6,0
27/02/2020,4:00,15,15,0
27/02/2020,5:00,42,42,0
27/02/2020,6:00,101,101,0
27/02/2020,7:00,248,248,0
27/02/2020,8:00,187,186,1
27/02/2020,9:00,128,128,0
27/02/2020,10:00,118,118,0
27/02/2020,11:00,222,222,0
27/02/2020,12:00,264,263,1
27/02/2020,13:00,224,223,1
27/02/2020,14:00,186,185,1
27/02/2020,15:00,265,263,2
27/02/2020,16:00,326,326,0
27/02/2020,17:00,399,399,0
27/02/2020,18:00,282,281,1
27/02/2020,19:00,169,169,0
27/02/2020,20:00,99,99,0
27/02/2020,21:00,66,66,0
27/02/2020,22:00,31,31,0
27/02/2020,23:00,20,20,0
28/02/2020,0:00,7,7,0
28/02/2020,1:00,6,6,0
28/02/2020,2:00,4,4,0
28/02/2020,3:00,3,3,0
28/02/2020,4:00,10,9,1
28/02/2020,5:00,24,24,0
28/02/2020,6:00,79,77,2
28/02/2020,7:00,204,201,3
28/02/2020,8:00,101,101,0
28/02/2020,9:00,79,79,0
28/02/2020,10:00,79,79,0
28/02/2020,11:00,100,99,1
28/02/2020,12:00,111,110,1
28/02/2020,13:00,99,99,0
28/02/2020,14:00,103,102,1
28/02/2020,15:00,154,154,0
28/02/2020,16:00,173,170,3
28/02/2020,17:00,171,170,1
28/02/2020,18:00,159,159,0
28/02/2020,19:00,105,104,1
28/02/2020,20:00,76,76,0
28/02/2020,21:00,101,101,0
28/02/2020,22:00,64,64,0
28/02/2020,23:00,26,26,0
29/02/2020,0:00,15,15,0
29/02/2020,1:00,12,12,0
29/02/2020,2:00,13,13,0
29/02/2020,3:00,8,8,0
29/02/2020,4:00,5,5,0
29/02/2020,5:00,18,18,0
29/02/2020,6:00,49,49,0
29/02/2020,7:00,107,106,1
29/02/2020,8:00,215,213,2
29/02/2020,9:00,290,290,0
29/02/2020,10:00,334,333,1
29/02/2020,11:00,335,334,1
29/02/2020,12:00,298,296,2
29/02/2020,13:00,317,317,0
29/02/2020,14:00,275,275,0
29/02/2020,15:00,284,284,0
29/02/2020,16:00,294,294,0
29/02/2020,17:00,347,347,0
29/02/2020,18:00,266,265,1
29/02/2020,19:00,129,129,0
29/02/2020,20:00,89,89,0
29/02/2020,21:00,91,91,0
29/02/2020,22:00,54,54,0
29/02/2020,23:00,41,41,0
1/3/2020,0:00,20,20,0
1/3/2020,1:00,6,6,0
1/3/2020,2:00,12,12,0
1/3/2020,3:00,6,6,0
1/3/2020,4:00,1,1,0
1/3/2020,5:00,12,12,0
1/3/2020,6:00,27,27,0
1/3/2020,7:00,62,61,1
1/3/2020,8:00,183,182,1
1/3/2020,9:00,230,227,3
1/3/2020,10:00,344,344,0
1/3/2020,11:00,347,339,8
1/3/2020,12:00,377,362,15
1/3/2020,13:00,365,318,47
1/3/2020,14:00,331,289,42
1/3/2020,15:00,324,274,50
1/3/2020,16:00,283,254,29
1/3/2020,17:00,244,229,15
1/3/2020,18:00,179,178,1
1/3/2020,19:00,114,114,0
1/3/2020,20:00,82,82,0
1/3/2020,21:00,43,43,0
1/3/2020,22:00,17,17,0
1/3/2020,23:00,10,8,2
2/3/2020,0:00,2,2,0
2/3/2020,1:00,0,0,0
2/3/2020,2:00,0,0,0
2/3/2020,3:00,0,0,0
2/3/2020,4:00,4,4,0
2/3/2020,5:00,15,15,0
2/3/2020,6:00,78,77,1
2/3/2020,7:00,232,228,4
2/3/2020,8:00,150,148,2
2/3/2020,9:00,134,133,1
2/3/2020,10:00,161,161,0
2/3/2020,11:00,209,209,0
2/3/2020,12:00,225,222,3
2/3/2020,13:00,156,154,2
2/3/2020,14:00,170,165,5
2/3/2020,15:00,241,234,7
2/3/2020,16:00,300,294,6
2/3/2020,17:00,339,336,3
2/3/2020,18:00,226,225,1
2/3/2020,19:00,133,133,0
2/3/2020,20:00,47,47,0
2/3/2020,21:00,32,32,0
2/3/2020,22:00,20,20,0
2/3/2020,23:00,12,12,0
3/3/2020,0:00,11,11,0
3/3/2020,1:00,4,4,0
3/3/2020,2:00,2,2,0
3/3/2020,3:00,3,3,0
3/3/2020,4:00,5,5,0
3/3/2020,5:00,37,37,0
3/3/2020,6:00,131,129,2
3/3/2020,7:00,301,298,3
3/3/2020,8:00,188,185,3
3/3/2020,9:00,128,127,1
3/3/2020,10:00,180,179,1
3/3/2020,11:00,256,254,2
3/3/2020,12:00,293,290,3
3/3/2020,13:00,270,266,4
3/3/2020,14:00,267,263,4
3/3/2020,15:00,278,276,2
3/3/2020,16:00,345,337,8
3/3/2020,17:00,337,331,6
3/3/2020,18:00,297,297,0
3/3/2020,19:00,159,159,0
3/3/2020,20:00,99,99,0
3/3/2020,21:00,60,60,0
3/3/2020,22:00,39,39,0
3/3/2020,23:00,17,17,0
4/3/2020,0:00,12,12,0
4/3/2020,1:00,3,3,0
4/3/2020,2:00,4,4,0
4/3/2020,3:00,2,2,0
4/3/2020,4:00,5,5,0
4/3/2020,5:00,21,21,0
4/3/2020,6:00,102,102,0
4/3/2020,7:00,350,345,5
4/3/2020,8:00,226,225,1
4/3/2020,9:00,204,204,0
4/3/2020,10:00,186,186,0
4/3/2020,11:00,265,262,3
4/3/2020,12:00,241,241,0
4/3/2020,13:00,226,219,7
4/3/2020,14:00,283,281,2
4/3/2020,15:00,315,311,4
4/3/2020,16:00,401,391,10
4/3/2020,17:00,420,412,8
4/3/2020,18:00,385,380,5
4/3/2020,19:00,230,229,1
4/3/2020,20:00,131,131,0
4/3/2020,21:00,57,57,0
4/3/2020,22:00,33,33,0
4/3/2020,23:00,18,18,0
5/3/2020,0:00,9,9,0
5/3/2020,1:00,8,8,0
5/3/2020,2:00,4,4,0
5/3/2020,3:00,2,2,0
5/3/2020,4:00,10,10,0
5/3/2020,5:00,46,46,0
5/3/2020,6:00,146,142,4
5/3/2020,7:00,444,440,4
5/3/2020,8:00,323,321,2
5/3/2020,9:00,213,212,1
5/3/2020,10:00,177,173,4
5/3/2020,11:00,247,244,3
5/3/2020,12:00,207,204,3
5/3/2020,13:00,164,162,2
5/3/2020,14:00,244,243,1
5/3/2020,15:00,273,271,2
5/3/2020,16:00,326,321,5
5/3/2020,17:00,297,294,3
5/3/2020,18:00,186,186,0
5/3/2020,19:00,99,99,0
5/3/2020,20:00,44,44,0
5/3/2020,21:00,24,24,0
5/3/2020,22:00,16,16,0
5/3/2020,23:00,9,9,0
6/3/2020,0:00,4,4,0
6/3/2020,1:00,3,3,0
6/3/2020,2:00,0,0,0
6/3/2020,3:00,5,5,0
6/3/2020,4:00,3,3,0
6/3/2020,5:00,10,10,0
6/3/2020,6:00,77,77,0
6/3/2020,7:00,205,202,3
6/3/2020,8:00,97,97,0
6/3/2020,9:00,71,69,2
6/3/2020,10:00,113,110,3
6/3/2020,11:00,171,170,1
6/3/2020,12:00,190,187,3
6/3/2020,13:00,203,201,2
6/3/2020,14:00,174,173,1
6/3/2020,15:00,225,223,2
6/3/2020,16:00,302,300,2
6/3/2020,17:00,373,372,1
6/3/2020,18:00,276,276,0
6/3/2020,19:00,196,196,0
6/3/2020,20:00,95,95,0
6/3/2020,21:00,75,75,0
6/3/2020,22:00,37,37,0
6/3/2020,23:00,26,26,0
7/3/2020,0:00,11,11,0
7/3/2020,1:00,10,10,0
7/3/2020,2:00,5,5,0
7/3/2020,3:00,4,4,0
7/3/2020,4:00,0,0,0
7/3/2020,5:00,16,16,0
7/3/2020,6:00,38,38,0
7/3/2020,7:00,109,108,1
7/3/2020,8:00,182,178,4
7/3/2020,9:00,211,207,4
7/3/2020,10:00,273,269,4
7/3/2020,11:00,265,262,3
7/3/2020,12:00,267,264,3
7/3/2020,13:00,263,255,8
7/3/2020,14:00,280,265,15
7/3/2020,15:00,331,306,25
7/3/2020,16:00,263,253,10
7/3/2020,17:00,280,269,11
7/3/2020,18:00,275,271,4
7/3/2020,19:00,121,121,0
7/3/2020,20:00,69,69,0
7/3/2020,21:00,70,70,0
7/3/2020,22:00,37,37,0
7/3/2020,23:00,19,19,0
8/3/2020,0:00,26,26,0
8/3/2020,1:00,11,11,0
8/3/2020,2:00,0,0,0
8/3/2020,3:00,4,4,0
8/3/2020,4:00,3,3,0
8/3/2020,5:00,7,7,0
8/3/2020,6:00,20,20,0
8/3/2020,7:00,40,36,4
8/3/2020,8:00,113,106,7
8/3/2020,9:00,145,140,5
8/3/2020,10:00,186,181,5
8/3/2020,11:00,189,187,2
8/3/2020,12:00,288,279,9
8/3/2020,13:00,265,244,21
8/3/2020,14:00,275,229,46
8/3/2020,15:00,317,266,51
8/3/2020,16:00,290,258,32
8/3/2020,17:00,256,243,13
8/3/2020,18:00,183,172,11
8/3/2020,19:00,113,111,2
8/3/2020,20:00,74,74,0
8/3/2020,21:00,57,57,0
8/3/2020,22:00,30,30,0
8/3/2020,23:00,16,16,0
9/3/2020,0:00,6,6,0
9/3/2020,1:00,8,8,0
9/3/2020,2:00,4,4,0
9/3/2020,3:00,3,3,0
9/3/2020,4:00,11,11,0
9/3/2020,5:00,23,23,0
9/3/2020,6:00,83,83,0
9/3/2020,7:00,221,219,2
9/3/2020,8:00,91,91,0
9/3/2020,9:00,51,51,0
9/3/2020,10:00,70,70,0
9/3/2020,11:00,111,111,0
9/3/2020,12:00,54,53,1
9/3/2020,13:00,48,47,1
9/3/2020,14:00,15,15,0
9/3/2020,15:00,4,4,0
9/3/2020,16:00,3,3,0
9/3/2020,17:00,6,6,0
9/3/2020,18:00,6,6,0
9/3/2020,19:00,4,4,0
9/3/2020,20:00,4,4,0
9/3/2020,21:00,1,1,0
9/3/2020,22:00,1,1,0
9/3/2020,23:00,1,1,0
10/3/2020,0:00,0,0,0
10/3/2020,1:00,0,0,0
10/3/2020,2:00,0,0,0
10/3/2020,3:00,0,0,0
10/3/2020,4:00,2,2,0
10/3/2020,5:00,6,6,0
10/3/2020,6:00,44,44,0
10/3/2020,7:00,169,169,0
10/3/2020,8:00,123,122,1
10/3/2020,9:00,77,75,2
10/3/2020,10:00,89,89,0
10/3/2020,11:00,76,76,0
10/3/2020,12:00,84,80,4
10/3/2020,13:00,94,94,0
10/3/2020,14:00,82,81,1
10/3/2020,15:00,112,111,1
10/3/2020,16:00,143,141,2
10/3/2020,17:00,193,193,0
10/3/2020,18:00,198,197,1
10/3/2020,19:00,70,70,0
10/3/2020,20:00,46,46,0
10/3/2020,21:00,31,31,0
10/3/2020,22:00,21,21,0
10/3/2020,23:00,14,13,1
11/3/2020,0:00,1,1,0
11/3/2020,1:00,2,2,0
11/3/2020,2:00,2,2,0
11/3/2020,3:00,2,2,0
11/3/2020,4:00,2,2,0
11/3/2020,5:00,30,30,0
11/3/2020,6:00,58,56,2
11/3/2020,7:00,171,168,3
11/3/2020,8:00,139,138,1
11/3/2020,9:00,102,102,0
11/3/2020,10:00,96,96,0
11/3/2020,11:00,116,115,1
11/3/2020,12:00,107,105,2
11/3/2020,13:00,94,89,5
11/3/2020,14:00,101,98,3
11/3/2020,15:00,151,147,4
11/3/2020,16:00,197,194,3
11/3/2020,17:00,229,225,4
11/3/2020,18:00,198,192,6
11/3/2020,19:00,118,117,1
11/3/2020,20:00,65,65,0
11/3/2020,21:00,43,40,3
11/3/2020,22:00,22,22,0
11/3/2020,23:00,14,14,0
12/3/2020,0:00,5,5,0
12/3/2020,1:00,6,6,0
12/3/2020,2:00,0,0,0
12/3/2020,3:00,2,2,0
12/3/2020,4:00,4,4,0
12/3/2020,5:00,24,24,0
12/3/2020,6:00,103,102,1
12/3/2020,7:00,194,192,2
12/3/2020,8:00,158,155,3
12/3/2020,9:00,76,75,1
12/3/2020,10:00,76,75,1
12/3/2020,11:00,96,95,1
12/3/2020,12:00,105,102,3
12/3/2020,13:00,79,78,1
12/3/2020,14:00,119,116,3
12/3/2020,15:00,70,67,3
12/3/2020,16:00,121,121,0
12/3/2020,17:00,217,217,0
12/3/2020,18:00,169,162,7
12/3/2020,19:00,119,117,2
12/3/2020,20:00,50,50,0
12/3/2020,21:00,12,12,0
12/3/2020,22:00,21,21,0
12/3/2020,23:00,3,3,0
13/03/2020,0:00,6,6,0
13/03/2020,1:00,6,6,0
13/03/2020,2:00,2,2,0
13/03/2020,3:00,6,6,0
13/03/2020,4:00,3,3,0
13/03/2020,5:00,20,20,0
13/03/2020,6:00,104,104,0
13/03/2020,7:00,306,303,3
13/03/2020,8:00,361,361,0
13/03/2020,9:00,195,195,0
13/03/2020,10:00,208,207,1
13/03/2020,11:00,263,262,1
13/03/2020,12:00,268,262,6
13/03/2020,13:00,246,240,6
13/03/2020,14:00,246,235,11
13/03/2020,15:00,270,261,9
13/03/2020,16:00,366,357,9
13/03/2020,17:00,337,326,11
13/03/2020,18:00,259,253,6
13/03/2020,19:00,163,160,3
13/03/2020,20:00,103,102,1
13/03/2020,21:00,98,97,1
13/03/2020,22:00,43,43,0
13/03/2020,23:00,26,26,0
14/03/2020,0:00,10,10,0
14/03/2020,1:00,3,3,0
14/03/2020,2:00,5,5,0
14/03/2020,3:00,3,3,0
14/03/2020,4:00,0,0,0
14/03/2020,5:00,0,0,0
14/03/2020,6:00,3,3,0
14/03/2020,7:00,8,8,0
14/03/2020,8:00,11,10,1
14/03/2020,9:00,8,8,0
14/03/2020,10:00,16,15,1
14/03/2020,11:00,43,43,0
14/03/2020,12:00,77,77,0
14/03/2020,13:00,82,81,1
14/03/2020,14:00,85,81,4
14/03/2020,15:00,43,41,2
14/03/2020,16:00,45,45,0
14/03/2020,17:00,41,41,0
14/03/2020,18:00,19,19,0
14/03/2020,19:00,15,15,0
14/03/2020,20:00,12,12,0
14/03/2020,21:00,16,16,0
14/03/2020,22:00,16,16,0
14/03/2020,23:00,18,18,0
15/03/2020,0:00,11,11,0
15/03/2020,1:00,5,5,0
15/03/2020,2:00,3,3,0
15/03/2020,3:00,5,5,0
15/03/2020,4:00,2,2,0
15/03/2020,5:00,7,7,0
15/03/2020,6:00,20,20,0
15/03/2020,7:00,39,39,0
15/03/2020,8:00,77,71,6
15/03/2020,9:00,117,116,1
15/03/2020,10:00,184,180,4
15/03/2020,11:00,208,203,5
15/03/2020,12:00,269,266,3
15/03/2020,13:00,234,224,10
15/03/2020,14:00,232,218,14
15/03/2020,15:00,212,198,14
15/03/2020,16:00,196,186,10
15/03/2020,17:00,153,149,4
15/03/2020,18:00,126,118,8
15/03/2020,19:00,70,70,0
15/03/2020,20:00,60,59,1
15/03/2020,21:00,40,40,0
15/03/2020,22:00,22,22,0
15/03/2020,23:00,7,7,0
16/03/2020,0:00,5,5,0
16/03/2020,1:00,6,6,0
16/03/2020,2:00,0,0,0
16/03/2020,3:00,7,7,0
16/03/2020,4:00,7,7,0
16/03/2020,5:00,20,20,0
16/03/2020,6:00,78,78,0
16/03/2020,7:00,125,123,2
16/03/2020,8:00,107,107,0
16/03/2020,9:00,73,71,2
16/03/2020,10:00,46,45,1
16/03/2020,11:00,61,61,0
16/03/2020,12:00,71,69,2
16/03/2020,13:00,95,87,8
16/03/2020,14:00,99,87,12
16/03/2020,15:00,125,120,5
16/03/2020,16:00,124,120,4
16/03/2020,17:00,82,79,3
16/03/2020,18:00,52,52,0
16/03/2020,19:00,25,25,0
16/03/2020,20:00,23,23,0
16/03/2020,21:00,13,13,0
16/03/2020,22:00,7,7,0
16/03/2020,23:00,8,8,0
17/03/2020,0:00,8,8,0
17/03/2020,1:00,6,6,0
17/03/2020,2:00,1,1,0
17/03/2020,3:00,1,1,0
17/03/2020,4:00,3,3,0
17/03/2020,5:00,17,17,0
17/03/2020,6:00,62,62,0
17/03/2020,7:00,125,124,1
17/03/2020,8:00,149,148,1
17/03/2020,9:00,141,135,6
17/03/2020,10:00,144,136,8
17/03/2020,11:00,178,171,7
17/03/2020,12:00,199,194,5
17/03/2020,13:00,154,140,14
17/03/2020,14:00,197,174,23
17/03/2020,15:00,206,181,25
17/03/2020,16:00,269,221,48
17/03/2020,17:00,291,248,43
17/03/2020,18:00,194,187,7
17/03/2020,19:00,130,124,6
17/03/2020,20:00,66,66,0
17/03/2020,21:00,43,43,0
17/03/2020,22:00,18,18,0
17/03/2020,23:00,8,8,0
18/03/2020,0:00,9,9,0
18/03/2020,1:00,6,6,0
18/03/2020,2:00,3,3,0
18/03/2020,3:00,4,4,0
18/03/2020,4:00,5,5,0
18/03/2020,5:00,19,19,0
18/03/2020,6:00,47,47,0
18/03/2020,7:00,94,93,1
18/03/2020,8:00,102,101,1
18/03/2020,9:00,85,81,4
18/03/2020,10:00,71,63,8
18/03/2020,11:00,36,35,1
18/03/2020,12:00,39,37,2
18/03/2020,13:00,11,11,0
18/03/2020,14:00,14,14,0
18/03/2020,15:00,44,40,4
18/03/2020,16:00,63,53,10
18/03/2020,17:00,51,47,4
18/03/2020,18:00,43,39,4
18/03/2020,19:00,15,15,0
18/03/2020,20:00,31,31,0
18/03/2020,21:00,17,17,0
18/03/2020,22:00,8,8,0
18/03/2020,23:00,7,7,0
19/03/2020,0:00,7,7,0
19/03/2020,1:00,5,5,0
19/03/2020,2:00,0,0,0
19/03/2020,3:00,2,2,0
19/03/2020,4:00,2,2,0
19/03/2020,5:00,12,12,0
19/03/2020,6:00,51,50,1
19/03/2020,7:00,79,77,2
19/03/2020,8:00,66,62,4
19/03/2020,9:00,56,55,1
19/03/2020,10:00,6,6,0
19/03/2020,11:00,0,0,0
19/03/2020,12:00,1,1,0
19/03/2020,13:00,1,1,0
19/03/2020,14:00,13,12,1
19/03/2020,15:00,38,36,2
19/03/2020,16:00,75,65,10
19/03/2020,17:00,89,76,13
19/03/2020,18:00,75,64,11
19/03/2020,19:00,49,45,4
19/03/2020,20:00,24,22,2
19/03/2020,21:00,12,12,0
19/03/2020,22:00,13,13,0
19/03/2020,23:00,1,1,0
20/03/2020,0:00,6,6,0
20/03/2020,1:00,2,2,0
20/03/2020,2:00,1,1,0
20/03/2020,3:00,2,2,0
20/03/2020,4:00,2,2,0
20/03/2020,5:00,8,8,0
20/03/2020,6:00,20,20,0
20/03/2020,7:00,46,46,0
20/03/2020,8:00,46,45,1
20/03/2020,9:00,45,44,1
20/03/2020,10:00,43,41,2
20/03/2020,11:00,51,48,3
20/03/2020,12:00,70,70,0
20/03/2020,13:00,74,69,5
20/03/2020,14:00,98,93,5
20/03/2020,15:00,76,71,5
20/03/2020,16:00,74,73,1
20/03/2020,17:00,73,68,5
20/03/2020,18:00,57,54,3
20/03/2020,19:00,40,40,0
20/03/2020,20:00,30,30,0
20/03/2020,21:00,11,11,0
20/03/2020,22:00,7,7,0
20/03/2020,23:00,4,4,0
21/03/2020,0:00,8,7,1
21/03/2020,1:00,3,3,0
21/03/2020,2:00,2,2,0
21/03/2020,3:00,6,6,0
21/03/2020,4:00,0,0,0
21/03/2020,5:00,6,6,0
21/03/2020,6:00,14,14,0
21/03/2020,7:00,40,40,0
21/03/2020,8:00,81,77,4
21/03/2020,9:00,119,116,3
21/03/2020,10:00,119,116,3
21/03/2020,11:00,113,106,7
21/03/2020,12:00,102,92,10
21/03/2020,13:00,116,93,23
21/03/2020,14:00,87,78,9
21/03/2020,15:00,91,79,12
21/03/2020,16:00,92,90,2
21/03/2020,17:00,65,58,7
21/03/2020,18:00,50,46,4
21/03/2020,19:00,38,37,1
21/03/2020,20:00,22,22,0
21/03/2020,21:00,13,12,1
21/03/2020,22:00,6,6,0
21/03/2020,23:00,7,7,0
22/03/2020,0:00,7,7,0
22/03/2020,1:00,4,4,0
22/03/2020,2:00,3,3,0
22/03/2020,3:00,3,3,0
22/03/2020,4:00,0,0,0
22/03/2020,5:00,3,3,0
22/03/2020,6:00,5,5,0
22/03/2020,7:00,17,17,0
22/03/2020,8:00,24,20,4
22/03/2020,9:00,37,34,3
22/03/2020,10:00,51,48,3
22/03/2020,11:00,55,54,1
22/03/2020,12:00,54,47,7
22/03/2020,13:00,25,24,1
22/03/2020,14:00,29,23,6
22/03/2020,15:00,11,10,1
22/03/2020,16:00,15,14,1
22/03/2020,17:00,21,21,0
22/03/2020,18:00,20,20,0
22/03/2020,19:00,5,5,0
22/03/2020,20:00,3,3,0
22/03/2020,21:00,3,3,0
22/03/2020,22:00,3,3,0
22/03/2020,23:00,2,2,0
23/03/2020,0:00,2,2,0
23/03/2020,1:00,2,2,0
23/03/2020,2:00,3,3,0
23/03/2020,3:00,1,1,0
23/03/2020,4:00,2,2,0
23/03/2020,5:00,11,11,0
23/03/2020,6:00,21,19,2
23/03/2020,7:00,34,32,2
23/03/2020,8:00,36,36,0
23/03/2020,9:00,45,43,2
23/03/2020,10:00,49,44,5
23/03/2020,11:00,37,36,1
23/03/2020,12:00,51,49,2
23/03/2020,13:00,59,52,7
23/03/2020,14:00,56,46,10
23/03/2020,15:00,63,55,8
23/03/2020,16:00,100,92,8
23/03/2020,17:00,97,90,7
23/03/2020,18:00,72,68,4
23/03/2020,19:00,24,20,4
23/03/2020,20:00,24,24,0
23/03/2020,21:00,8,8,0
23/03/2020,22:00,8,8,0
23/03/2020,23:00,5,5,0
24/03/2020,0:00,1,1,0
24/03/2020,1:00,3,3,0
24/03/2020,2:00,4,4,0
24/03/2020,3:00,5,5,0
24/03/2020,4:00,4,4,0
24/03/2020,5:00,8,8,0
24/03/2020,6:00,44,44,0
24/03/2020,7:00,53,53,0
24/03/2020,8:00,45,45,0
24/03/2020,9:00,52,51,1
24/03/2020,10:00,46,45,1
24/03/2020,11:00,63,59,4
24/03/2020,12:00,72,63,9
24/03/2020,13:00,83,75,8
24/03/2020,14:00,81,75,6
24/03/2020,15:00,84,78,6
24/03/2020,16:00,116,101,15
24/03/2020,17:00,115,96,19
24/03/2020,18:00,83,72,11
24/03/2020,19:00,46,40,6
24/03/2020,20:00,26,26,0
24/03/2020,21:00,16,16,0
24/03/2020,22:00,16,16,0
24/03/2020,23:00,5,5,0
25/03/2020,0:00,8,8,0
25/03/2020,1:00,4,4,0
25/03/2020,2:00,4,4,0
25/03/2020,3:00,1,1,0
25/03/2020,4:00,0,0,0
25/03/2020,5:00,5,5,0
25/03/2020,6:00,24,24,0
25/03/2020,7:00,29,27,2
25/03/2020,8:00,33,30,3
25/03/2020,9:00,30,30,0
25/03/2020,10:00,50,47,3
25/03/2020,11:00,66,65,1
25/03/2020,12:00,62,56,6
25/03/2020,13:00,91,62,29
25/03/2020,14:00,109,89,20
25/03/2020,15:00,165,119,46
25/03/2020,16:00,234,158,76
25/03/2020,17:00,276,198,78
25/03/2020,18:00,182,150,32
25/03/2020,19:00,79,66,13
25/03/2020,20:00,31,31,0
25/03/2020,21:00,25,25,0
25/03/2020,22:00,19,19,0
25/03/2020,23:00,3,3,0
26/03/2020,0:00,7,7,0
26/03/2020,1:00,8,8,0
26/03/2020,2:00,2,2,0
26/03/2020,3:00,6,6,0
26/03/2020,4:00,3,3,0
26/03/2020,5:00,13,13,0
26/03/2020,6:00,46,45,1
26/03/2020,7:00,55,49,6
26/03/2020,8:00,58,55,3
26/03/2020,9:00,59,50,9
26/03/2020,10:00,74,54,20
26/03/2020,11:00,60,51,9
26/03/2020,12:00,92,76,16
26/03/2020,13:00,89,68,21
26/03/2020,14:00,64,57,7
26/03/2020,15:00,48,43,5
26/03/2020,16:00,31,27,4
26/03/2020,17:00,54,44,10
26/03/2020,18:00,25,21,4
26/03/2020,19:00,12,11,1
26/03/2020,20:00,6,6,0
26/03/2020,21:00,6,6,0
26/03/2020,22:00,4,4,0
26/03/2020,23:00,4,4,0
27/03/2020,0:00,3,3,0
27/03/2020,1:00,1,1,0
27/03/2020,2:00,2,2,0
27/03/2020,3:00,0,0,0
27/03/2020,4:00,4,4,0
27/03/2020,5:00,7,7,0
27/03/2020,6:00,13,13,0
27/03/2020,7:00,41,40,1
27/03/2020,8:00,56,55,1
27/03/2020,9:00,42,41,1
27/03/2020,10:00,35,32,3
27/03/2020,11:00,25,25,0
27/03/2020,12:00,45,45,0
27/03/2020,13:00,78,73,5
27/03/2020,14:00,115,93,22
27/03/2020,15:00,143,95,48
27/03/2020,16:00,137,122,15
27/03/2020,17:00,125,92,33
27/03/2020,18:00,78,65,13
27/03/2020,19:00,63,54,9
27/03/2020,20:00,33,33,0
27/03/2020,21:00,19,19,0
27/03/2020,22:00,12,12,0
27/03/2020,23:00,4,4,0
28/03/2020,0:00,7,7,0
28/03/2020,1:00,4,4,0
28/03/2020,2:00,4,4,0
28/03/2020,3:00,2,2,0
28/03/2020,4:00,0,0,0
28/03/2020,5:00,1,1,0
28/03/2020,6:00,7,7,0
28/03/2020,7:00,21,18,3
28/03/2020,8:00,63,53,10
28/03/2020,9:00,92,63,29
28/03/2020,10:00,93,61,32
28/03/2020,11:00,69,57,12
28/03/2020,12:00,53,45,8
28/03/2020,13:00,38,29,9
28/03/2020,14:00,20,13,7
28/03/2020,15:00,14,5,9
28/03/2020,16:00,102,63,39
28/03/2020,17:00,162,122,40
28/03/2020,18:00,91,72,19
28/03/2020,19:00,46,44,2
28/03/2020,20:00,30,30,0
28/03/2020,21:00,11,11,0
28/03/2020,22:00,6,6,0
28/03/2020,23:00,8,8,0
29/03/2020,0:00,6,6,0
29/03/2020,1:00,9,7,2
29/03/2020,2:00,1,1,0
29/03/2020,3:00,3,3,0
29/03/2020,4:00,0,0,0
29/03/2020,5:00,5,5,0
29/03/2020,6:00,5,5,0
29/03/2020,7:00,8,8,0
29/03/2020,8:00,16,16,0
29/03/2020,9:00,14,11,3
29/03/2020,10:00,23,22,1
29/03/2020,11:00,51,44,7
29/03/2020,12:00,68,63,5
29/03/2020,13:00,91,87,4
29/03/2020,14:00,99,92,7
29/03/2020,15:00,116,104,12
29/03/2020,16:00,134,117,17
29/03/2020,17:00,110,101,9
29/03/2020,18:00,99,85,14
29/03/2020,19:00,59,50,9
29/03/2020,20:00,22,22,0
29/03/2020,21:00,10,10,0
29/03/2020,22:00,6,6,0
29/03/2020,23:00,1,1,0
30/03/2020,0:00,2,2,0
30/03/2020,1:00,3,3,0
30/03/2020,2:00,1,1,0
30/03/2020,3:00,3,3,0
30/03/2020,4:00,3,3,0
30/03/2020,5:00,16,16,0
30/03/2020,6:00,44,44,0
30/03/2020,7:00,95,94,1
30/03/2020,8:00,99,93,6
30/03/2020,9:00,108,99,9
30/03/2020,10:00,131,126,5
30/03/2020,11:00,155,138,17
30/03/2020,12:00,194,156,38
30/03/2020,13:00,205,150,55
30/03/2020,14:00,308,211,97
30/03/2020,15:00,253,170,83
30/03/2020,16:00,329,191,138
30/03/2020,17:00,266,166,100
30/03/2020,18:00,157,126,31
30/03/2020,19:00,103,90,13
30/03/2020,20:00,30,28,2
30/03/2020,21:00,17,16,1
30/03/2020,22:00,10,10,0
30/03/2020,23:00,7,7,0
31/03/2020,0:00,4,4,0
31/03/2020,1:00,1,1,0
31/03/2020,2:00,0,0,0
31/03/2020,3:00,1,1,0
31/03/2020,4:00,1,1,0
31/03/2020,5:00,9,9,0
31/03/2020,6:00,46,45,1
31/03/2020,7:00,77,72,5
31/03/2020,8:00,60,60,0
31/03/2020,9:00,49,43,6
31/03/2020,10:00,49,47,2
31/03/2020,11:00,63,59,4
31/03/2020,12:00,72,67,5
31/03/2020,13:00,70,63,7
31/03/2020,14:00,70,49,21
31/03/2020,15:00,84,69,15
31/03/2020,16:00,89,79,10
31/03/2020,17:00,80,71,9
31/03/2020,18:00,53,42,11
31/03/2020,19:00,28,26,2
31/03/2020,20:00,15,15,0
31/03/2020,21:00,9,9,0
31/03/2020,22:00,4,4,0
31/03/2020,23:00,3,3,0
1/4/2020,0:00,1,1,0
1/4/2020,1:00,0,0,0
1/4/2020,2:00,0,0,0
1/4/2020,3:00,2,2,0
1/4/2020,4:00,3,3,0
1/4/2020,5:00,21,21,0
1/4/2020,6:00,57,56,1
1/4/2020,7:00,87,83,4
1/4/2020,8:00,61,60,1
1/4/2020,9:00,72,72,0
1/4/2020,10:00,100,94,6
1/4/2020,11:00,90,87,3
1/4/2020,12:00,179,165,14
1/4/2020,13:00,167,125,42
1/4/2020,14:00,281,207,74
1/4/2020,15:00,243,138,105
1/4/2020,16:00,336,233,103
1/4/2020,17:00,263,187,76
1/4/2020,18:00,200,164,36
1/4/2020,19:00,155,127,28
1/4/2020,20:00,69,63,6
1/4/2020,21:00,34,34,0
1/4/2020,22:00,16,16,0
1/4/2020,23:00,13,13,0
2/4/2020,0:00,4,3,1
2/4/2020,1:00,4,4,0
2/4/2020,2:00,1,1,0
2/4/2020,3:00,3,3,0
2/4/2020,4:00,3,3,0
2/4/2020,5:00,10,10,0
2/4/2020,6:00,56,53,3
2/4/2020,7:00,74,73,1
2/4/2020,8:00,80,77,3
2/4/2020,9:00,98,92,6
2/4/2020,10:00,116,105,11
2/4/2020,11:00,156,138,18
2/4/2020,12:00,216,176,40
2/4/2020,13:00,200,161,39
2/4/2020,14:00,263,188,75
2/4/2020,15:00,282,205,77
2/4/2020,16:00,297,192,105
2/4/2020,17:00,298,165,133
2/4/2020,18:00,187,150,37
2/4/2020,19:00,93,73,20
2/4/2020,20:00,27,25,2
2/4/2020,21:00,23,23,0
2/4/2020,22:00,20,20,0
2/4/2020,23:00,13,13,0
3/4/2020,0:00,7,7,0
3/4/2020,1:00,3,3,0
3/4/2020,2:00,2,2,0
3/4/2020,3:00,3,3,0
3/4/2020,4:00,3,3,0
3/4/2020,5:00,12,12,0
3/4/2020,6:00,38,37,1
3/4/2020,7:00,85,80,5
3/4/2020,8:00,74,67,7
3/4/2020,9:00,103,86,17
3/4/2020,10:00,152,121,31
3/4/2020,11:00,141,118,23
3/4/2020,12:00,196,159,37
3/4/2020,13:00,206,164,42
3/4/2020,14:00,248,173,75
3/4/2020,15:00,282,185,97
3/4/2020,16:00,307,208,99
3/4/2020,17:00,252,180,72
3/4/2020,18:00,171,139,32
3/4/2020,19:00,69,62,7
3/4/2020,20:00,45,43,2
3/4/2020,21:00,9,8,1
3/4/2020,22:00,3,3,0
3/4/2020,23:00,4,4,0
4/4/2020,0:00,2,2,0
4/4/2020,1:00,0,0,0
4/4/2020,2:00,1,1,0
4/4/2020,3:00,2,2,0
4/4/2020,4:00,0,0,0
4/4/2020,5:00,4,4,0
4/4/2020,6:00,4,3,1
4/4/2020,7:00,19,18,1
4/4/2020,8:00,32,31,1
4/4/2020,9:00,48,45,3
4/4/2020,10:00,44,42,2
4/4/2020,11:00,57,50,7
4/4/2020,12:00,47,43,4
4/4/2020,13:00,65,51,14
4/4/2020,14:00,44,37,7
4/4/2020,15:00,52,45,7
4/4/2020,16:00,76,60,16
4/4/2020,17:00,94,60,34
4/4/2020,18:00,60,51,9
4/4/2020,19:00,57,48,9
4/4/2020,20:00,30,30,0
4/4/2020,21:00,16,15,1
4/4/2020,22:00,12,12,0
4/4/2020,23:00,7,6,1
5/4/2020,0:00,4,3,1
5/4/2020,1:00,2,2,0
5/4/2020,2:00,4,4,0
5/4/2020,3:00,3,3,0
5/4/2020,4:00,1,1,0
5/4/2020,5:00,5,5,0
5/4/2020,6:00,16,15,1
5/4/2020,7:00,26,24,2
5/4/2020,8:00,36,36,0
5/4/2020,9:00,60,55,5
5/4/2020,10:00,99,85,14
5/4/2020,11:00,134,104,30
5/4/2020,12:00,167,124,43
5/4/2020,13:00,261,171,90
5/4/2020,14:00,248,176,72
5/4/2020,15:00,317,163,154
5/4/2020,16:00,255,134,121
5/4/2020,17:00,183,126,57
5/4/2020,18:00,135,93,42
5/4/2020,19:00,84,75,9
5/4/2020,20:00,26,26,0
5/4/2020,21:00,18,18,0
5/4/2020,22:00,4,4,0
5/4/2020,23:00,6,6,0
6/4/2020,0:00,3,3,0
6/4/2020,1:00,0,0,0
6/4/2020,2:00,0,0,0
6/4/2020,3:00,2,2,0
6/4/2020,4:00,1,1,0
6/4/2020,5:00,6,6,0
6/4/2020,6:00,40,39,1
6/4/2020,7:00,53,52,1
6/4/2020,8:00,63,60,3
6/4/2020,9:00,88,79,9
6/4/2020,10:00,114,101,13
6/4/2020,11:00,115,96,19
6/4/2020,12:00,152,126,26
6/4/2020,13:00,116,90,26
6/4/2020,14:00,135,104,31
6/4/2020,15:00,199,147,52
6/4/2020,16:00,251,178,73
6/4/2020,17:00,186,127,59
6/4/2020,18:00,123,94,29
6/4/2020,19:00,68,49,19
6/4/2020,20:00,36,32,4
6/4/2020,21:00,24,21,3
6/4/2020,22:00,7,7,0
6/4/2020,23:00,5,5,0
7/4/2020,0:00,3,2,1
7/4/2020,1:00,2,2,0
7/4/2020,2:00,0,0,0
7/4/2020,3:00,2,2,0
7/4/2020,4:00,3,3,0
7/4/2020,5:00,20,20,0
7/4/2020,6:00,63,57,6
7/4/2020,7:00,87,82,5
7/4/2020,8:00,85,76,9
7/4/2020,9:00,122,98,24
7/4/2020,10:00,118,86,32
7/4/2020,11:00,158,118,40
7/4/2020,12:00,180,142,38
7/4/2020,13:00,250,158,92
7/4/2020,14:00,244,170,74
7/4/2020,15:00,289,179,110
7/4/2020,16:00,349,224,125
7/4/2020,17:00,389,248,141
7/4/2020,18:00,242,156,86
7/4/2020,19:00,139,87,52
7/4/2020,20:00,46,43,3
7/4/2020,21:00,10,10,0
7/4/2020,22:00,19,16,3
7/4/2020,23:00,13,12,1
8/4/2020,0:00,8,8,0
8/4/2020,1:00,4,4,0
8/4/2020,2:00,1,1,0
8/4/2020,3:00,4,4,0
8/4/2020,4:00,3,3,0
8/4/2020,5:00,9,8,1
8/4/2020,6:00,62,50,12
8/4/2020,7:00,86,72,14
8/4/2020,8:00,98,83,15
8/4/2020,9:00,108,86,22
8/4/2020,10:00,135,95,40
8/4/2020,11:00,196,154,42
8/4/2020,12:00,218,173,45
8/4/2020,13:00,209,150,59
8/4/2020,14:00,294,169,125
8/4/2020,15:00,346,229,117
8/4/2020,16:00,181,139,42
8/4/2020,17:00,43,41,2
8/4/2020,18:00,16,12,4
8/4/2020,19:00,20,18,2
8/4/2020,20:00,10,10,0
8/4/2020,21:00,7,7,0
8/4/2020,22:00,7,6,1
8/4/2020,23:00,3,3,0
9/4/2020,0:00,2,2,0
9/4/2020,1:00,1,1,0
9/4/2020,2:00,0,0,0
9/4/2020,3:00,2,2,0
9/4/2020,4:00,6,5,1
9/4/2020,5:00,11,11,0
9/4/2020,6:00,38,36,2
9/4/2020,7:00,84,81,3
9/4/2020,8:00,73,68,5
9/4/2020,9:00,102,98,4
9/4/2020,10:00,83,79,4
9/4/2020,11:00,121,111,10
9/4/2020,12:00,114,113,1
9/4/2020,13:00,86,73,13
9/4/2020,14:00,88,86,2
9/4/2020,15:00,90,85,5
9/4/2020,16:00,49,47,2
9/4/2020,17:00,72,72,0
9/4/2020,18:00,48,42,6
9/4/2020,19:00,37,34,3
9/4/2020,20:00,16,14,2
9/4/2020,21:00,9,9,0
9/4/2020,22:00,8,7,1
9/4/2020,23:00,6,6,0
10/4/2020,0:00,1,1,0
10/4/2020,1:00,2,2,0
10/4/2020,2:00,1,1,0
10/4/2020,3:00,3,3,0
10/4/2020,4:00,3,3,0
10/4/2020,5:00,10,10,0
10/4/2020,6:00,41,40,1
10/4/2020,7:00,79,76,3
10/4/2020,8:00,74,72,2
10/4/2020,9:00,81,78,3
10/4/2020,10:00,120,119,1
10/4/2020,11:00,159,150,9
10/4/2020,12:00,146,137,9
10/4/2020,13:00,143,125,18
10/4/2020,14:00,180,140,40
10/4/2020,15:00,202,150,52
10/4/2020,16:00,208,156,52
10/4/2020,17:00,246,213,33
10/4/2020,18:00,200,162,38
10/4/2020,19:00,107,95,12
10/4/2020,20:00,73,73,0
10/4/2020,21:00,28,28,0
10/4/2020,22:00,18,17,1
10/4/2020,23:00,10,10,0
11/4/2020,0:00,7,7,0
11/4/2020,1:00,5,5,0
11/4/2020,2:00,3,3,0
11/4/2020,3:00,1,1,0
11/4/2020,4:00,2,2,0
11/4/2020,5:00,5,5,0
11/4/2020,6:00,19,17,2
11/4/2020,7:00,43,41,2
11/4/2020,8:00,74,65,9
11/4/2020,9:00,110,95,15
11/4/2020,10:00,154,122,32
11/4/2020,11:00,213,164,49
11/4/2020,12:00,289,202,87
11/4/2020,13:00,331,234,97
11/4/2020,14:00,259,158,101
11/4/2020,15:00,239,140,99
11/4/2020,16:00,223,165,58
11/4/2020,17:00,110,82,28
11/4/2020,18:00,41,37,4
11/4/2020,19:00,3,3,0
11/4/2020,20:00,0,0,0
11/4/2020,21:00,2,2,0
11/4/2020,22:00,3,3,0
11/4/2020,23:00,5,5,0
12/4/2020,0:00,5,5,0
12/4/2020,1:00,1,1,0
12/4/2020,2:00,0,0,0
12/4/2020,3:00,2,2,0
12/4/2020,4:00,2,2,0
12/4/2020,5:00,2,2,0
12/4/2020,6:00,13,12,1
12/4/2020,7:00,13,11,2
12/4/2020,8:00,20,16,4
12/4/2020,9:00,30,26,4
12/4/2020,10:00,79,63,16
12/4/2020,11:00,116,76,40
12/4/2020,12:00,116,76,40
12/4/2020,13:00,97,61,36
12/4/2020,14:00,64,44,20
12/4/2020,15:00,105,69,36
12/4/2020,16:00,48,33,15
12/4/2020,17:00,30,22,8
12/4/2020,18:00,14,12,2
12/4/2020,19:00,7,7,0
12/4/2020,20:00,8,8,0
12/4/2020,21:00,7,7,0
12/4/2020,22:00,6,6,0
12/4/2020,23:00,2,2,0
13/04/2020,0:00,0,0,0
13/04/2020,1:00,1,1,0
13/04/2020,2:00,0,0,0
13/04/2020,3:00,0,0,0
13/04/2020,4:00,1,1,0
13/04/2020,5:00,3,3,0
13/04/2020,6:00,24,24,0
13/04/2020,7:00,34,34,0
13/04/2020,8:00,36,36,0
13/04/2020,9:00,42,42,0
13/04/2020,10:00,48,48,0
13/04/2020,11:00,80,80,0
13/04/2020,12:00,93,86,7
13/04/2020,13:00,80,80,0
13/04/2020,14:00,107,103,4
13/04/2020,15:00,105,97,8
13/04/2020,16:00,119,108,11
13/04/2020,17:00,87,81,6
13/04/2020,18:00,78,76,2
13/04/2020,19:00,39,39,0
13/04/2020,20:00,30,30,0
13/04/2020,21:00,17,17,0
13/04/2020,22:00,13,13,0
13/04/2020,23:00,10,10,0
14/04/2020,0:00,4,4,0
14/04/2020,1:00,3,3,0
14/04/2020,2:00,1,1,0
14/04/2020,3:00,1,1,0
14/04/2020,4:00,2,2,0
14/04/2020,5:00,13,13,0
14/04/2020,6:00,47,46,1
14/04/2020,7:00,93,89,4
14/04/2020,8:00,78,76,2
14/04/2020,9:00,65,63,2
14/04/2020,10:00,80,77,3
14/04/2020,11:00,101,100,1
14/04/2020,12:00,110,106,4
14/04/2020,13:00,102,90,12
14/04/2020,14:00,91,83,8
14/04/2020,15:00,107,96,11
14/04/2020,16:00,118,101,17
14/04/2020,17:00,109,100,9
14/04/2020,18:00,87,81,6
14/04/2020,19:00,47,45,2
14/04/2020,20:00,39,39,0
14/04/2020,21:00,28,28,0
14/04/2020,22:00,12,12,0
14/04/2020,23:00,9,9,0
15/04/2020,0:00,3,3,0
15/04/2020,1:00,3,3,0
15/04/2020,2:00,1,1,0
15/04/2020,3:00,2,2,0
15/04/2020,4:00,2,2,0
15/04/2020,5:00,7,6,1
15/04/2020,6:00,15,15,0
15/04/2020,7:00,16,16,0
15/04/2020,8:00,20,20,0
15/04/2020,9:00,25,25,0
15/04/2020,10:00,44,44,0
15/04/2020,11:00,77,75,2
15/04/2020,12:00,98,96,2
15/04/2020,13:00,78,69,9
15/04/2020,14:00,78,73,5
15/04/2020,15:00,122,117,5
15/04/2020,16:00,110,100,10
15/04/2020,17:00,115,110,5
15/04/2020,18:00,84,78,6
15/04/2020,19:00,42,40,2
15/04/2020,20:00,24,23,1
15/04/2020,21:00,24,24,0
15/04/2020,22:00,18,18,0
15/04/2020,23:00,9,9,0
16/04/2020,0:00,5,5,0
16/04/2020,1:00,3,3,0
16/04/2020,2:00,2,2,0
16/04/2020,3:00,4,4,0
16/04/2020,4:00,4,4,0
16/04/2020,5:00,11,11,0
16/04/2020,6:00,49,48,1
16/04/2020,7:00,73,70,3
16/04/2020,8:00,55,52,3
16/04/2020,9:00,55,54,1
16/04/2020,10:00,48,46,2
16/04/2020,11:00,61,56,5
16/04/2020,12:00,65,60,5
16/04/2020,13:00,92,74,18
16/04/2020,14:00,91,77,14
16/04/2020,15:00,90,79,11
16/04/2020,16:00,109,101,8
16/04/2020,17:00,101,97,4
16/04/2020,18:00,83,79,4
16/04/2020,19:00,33,32,1
16/04/2020,20:00,16,16,0
16/04/2020,21:00,3,3,0
16/04/2020,22:00,1,1,0
16/04/2020,23:00,0,0,0
17/04/2020,0:00,0,0,0
17/04/2020,1:00,0,0,0
17/04/2020,2:00,0,0,0
17/04/2020,3:00,1,1,0
17/04/2020,4:00,0,0,0
17/04/2020,5:00,1,1,0
17/04/2020,6:00,9,9,0
17/04/2020,7:00,19,19,0
17/04/2020,8:00,19,19,0
17/04/2020,9:00,18,18,0
17/04/2020,10:00,26,26,0
17/04/2020,11:00,26,26,0
17/04/2020,12:00,45,45,0
17/04/2020,13:00,32,31,1
17/04/2020,14:00,50,48,2
17/04/2020,15:00,53,47,6
17/04/2020,16:00,75,67,8
17/04/2020,17:00,60,60,0
17/04/2020,18:00,59,58,1
17/04/2020,19:00,52,50,2
17/04/2020,20:00,50,50,0
17/04/2020,21:00,19,19,0
17/04/2020,22:00,13,13,0
17/04/2020,23:00,11,11,0
18/04/2020,0:00,6,6,0
18/04/2020,1:00,10,10,0
18/04/2020,2:00,2,2,0
18/04/2020,3:00,2,2,0
18/04/2020,4:00,1,1,0
18/04/2020,5:00,4,4,0
18/04/2020,6:00,19,19,0
18/04/2020,7:00,37,35,2
18/04/2020,8:00,74,66,8
18/04/2020,9:00,103,89,14
18/04/2020,10:00,142,129,13
18/04/2020,11:00,190,156,34
18/04/2020,12:00,232,175,57
18/04/2020,13:00,219,173,46
18/04/2020,14:00,212,157,55
18/04/2020,15:00,194,136,58
18/04/2020,16:00,188,132,56
18/04/2020,17:00,176,156,20
18/04/2020,18:00,121,109,12
18/04/2020,19:00,54,51,3
18/04/2020,20:00,40,39,1
18/04/2020,21:00,24,24,0
18/04/2020,22:00,14,14,0
18/04/2020,23:00,11,11,0
19/04/2020,0:00,2,2,0
19/04/2020,1:00,6,6,0
19/04/2020,2:00,1,1,0
19/04/2020,3:00,0,0,0
19/04/2020,4:00,0,0,0
19/04/2020,5:00,4,4,0
19/04/2020,6:00,16,14,2
19/04/2020,7:00,26,24,2
19/04/2020,8:00,47,36,11
19/04/2020,9:00,84,68,16
19/04/2020,10:00,126,93,33
19/04/2020,11:00,192,122,70
19/04/2020,12:00,174,132,42
19/04/2020,13:00,228,138,90
19/04/2020,14:00,280,144,136
19/04/2020,15:00,277,150,127
19/04/2020,16:00,230,127,103
19/04/2020,17:00,178,107,71
19/04/2020,18:00,125,91,34
19/04/2020,19:00,118,99,19
19/04/2020,20:00,88,77,11
19/04/2020,21:00,16,16,0
19/04/2020,22:00,7,7,0
19/04/2020,23:00,4,4,0
20/04/2020,0:00,2,2,0
20/04/2020,1:00,7,7,0
20/04/2020,2:00,1,1,0
20/04/2020,3:00,2,2,0
20/04/2020,4:00,2,2,0
20/04/2020,5:00,11,11,0
20/04/2020,6:00,45,43,2
20/04/2020,7:00,63,52,11
20/04/2020,8:00,88,85,3
20/04/2020,9:00,138,119,19
20/04/2020,10:00,163,135,28
20/04/2020,11:00,182,158,24
20/04/2020,12:00,193,155,38
20/04/2020,13:00,153,109,44
20/04/2020,14:00,159,116,43
20/04/2020,15:00,154,131,23
20/04/2020,16:00,199,161,38
20/04/2020,17:00,179,129,50
20/04/2020,18:00,122,101,21
20/04/2020,19:00,84,72,12
20/04/2020,20:00,20,19,1
20/04/2020,21:00,18,16,2
20/04/2020,22:00,13,13,0
20/04/2020,23:00,10,10,0
21/04/2020,0:00,3,3,0
21/04/2020,1:00,3,3,0
21/04/2020,2:00,0,0,0
21/04/2020,3:00,3,3,0
21/04/2020,4:00,1,1,0
21/04/2020,5:00,18,16,2
21/04/2020,6:00,39,35,4
21/04/2020,7:00,68,65,3
21/04/2020,8:00,68,67,1
21/04/2020,9:00,74,70,4
21/04/2020,10:00,110,101,9
21/04/2020,11:00,124,112,12
21/04/2020,12:00,169,153,16
21/04/2020,13:00,148,133,15
21/04/2020,14:00,176,139,37
21/04/2020,15:00,194,153,41
21/04/2020,16:00,200,151,49
21/04/2020,17:00,169,139,30
21/04/2020,18:00,88,81,7
21/04/2020,19:00,98,85,13
21/04/2020,20:00,50,48,2
21/04/2020,21:00,34,34,0
21/04/2020,22:00,20,20,0
21/04/2020,23:00,15,15,0
22/04/2020,0:00,5,5,0
22/04/2020,1:00,3,3,0
22/04/2020,2:00,0,0,0
22/04/2020,3:00,3,3,0
22/04/2020,4:00,3,2,1
22/04/2020,5:00,16,16,0
22/04/2020,6:00,63,55,8
22/04/2020,7:00,94,86,8
22/04/2020,8:00,88,87,1
22/04/2020,9:00,110,104,6
22/04/2020,10:00,132,115,17
22/04/2020,11:00,173,152,21
22/04/2020,12:00,187,161,26
22/04/2020,13:00,167,132,35
22/04/2020,14:00,253,145,108
22/04/2020,15:00,303,208,95
22/04/2020,16:00,329,231,98
22/04/2020,17:00,343,237,106
22/04/2020,18:00,233,175,58
22/04/2020,19:00,95,70,25
22/04/2020,20:00,64,51,13
22/04/2020,21:00,33,30,3
22/04/2020,22:00,13,13,0
22/04/2020,23:00,11,7,4
23/04/2020,0:00,2,2,0
23/04/2020,1:00,3,3,0
23/04/2020,2:00,0,0,0
23/04/2020,3:00,3,2,1
23/04/2020,4:00,4,4,0
23/04/2020,5:00,7,7,0
23/04/2020,6:00,13,10,3
23/04/2020,7:00,7,5,2
23/04/2020,8:00,12,11,1
23/04/2020,9:00,15,13,2
23/04/2020,10:00,12,9,3
23/04/2020,11:00,19,17,2
23/04/2020,12:00,21,17,4
23/04/2020,13:00,35,31,4
23/04/2020,14:00,74,55,19
23/04/2020,15:00,108,66,42
23/04/2020,16:00,136,87,49
23/04/2020,17:00,94,54,40
23/04/2020,18:00,77,47,30
23/04/2020,19:00,50,39,11
23/04/2020,20:00,29,27,2
23/04/2020,21:00,12,11,1
23/04/2020,22:00,10,10,0
23/04/2020,23:00,4,4,0
24/04/2020,0:00,1,1,0
24/04/2020,1:00,2,2,0
24/04/2020,2:00,1,1,0
24/04/2020,3:00,0,0,0
24/04/2020,4:00,1,1,0
24/04/2020,5:00,6,6,0
24/04/2020,6:00,34,29,5
24/04/2020,7:00,45,39,6
24/04/2020,8:00,48,41,7
24/04/2020,9:00,60,45,15
24/04/2020,10:00,65,54,11
24/04/2020,11:00,151,138,13
24/04/2020,12:00,132,113,19
24/04/2020,13:00,125,84,41
24/04/2020,14:00,100,83,17
24/04/2020,15:00,27,22,5
24/04/2020,16:00,43,27,16
24/04/2020,17:00,71,54,17
24/04/2020,18:00,52,46,6
24/04/2020,19:00,37,31,6
24/04/2020,20:00,15,14,1
24/04/2020,21:00,6,6,0
24/04/2020,22:00,1,0,1
24/04/2020,23:00,2,2,0
25/04/2020,0:00,1,0,1
25/04/2020,1:00,0,0,0
25/04/2020,2:00,0,0,0
25/04/2020,3:00,0,0,0
25/04/2020,4:00,0,0,0
25/04/2020,5:00,0,0,0
25/04/2020,6:00,1,1,0
25/04/2020,7:00,2,2,0
25/04/2020,8:00,3,3,0
25/04/2020,9:00,1,1,0
25/04/2020,10:00,1,1,0
25/04/2020,11:00,6,5,1
25/04/2020,12:00,8,6,2
25/04/2020,13:00,2,1,1
25/04/2020,14:00,5,5,0
25/04/2020,15:00,5,5,0
25/04/2020,16:00,1,1,0
25/04/2020,17:00,4,4,0
25/04/2020,18:00,1,0,1
25/04/2020,19:00,1,1,0
25/04/2020,20:00,1,1,0
25/04/2020,21:00,0,0,0
25/04/2020,22:00,0,0,0
25/04/2020,23:00,0,0,0
26/04/2020,0:00,0,0,0
26/04/2020,1:00,0,0,0
26/04/2020,2:00,0,0,0
26/04/2020,3:00,0,0,0
26/04/2020,4:00,0,0,0
26/04/2020,5:00,1,0,1
26/04/2020,6:00,12,11,1
26/04/2020,7:00,21,19,2
26/04/2020,8:00,41,37,4
26/04/2020,9:00,61,54,7
26/04/2020,10:00,77,62,15
26/04/2020,11:00,145,103,42
26/04/2020,12:00,190,141,49
26/04/2020,13:00,256,125,131
26/04/2020,14:00,246,149,97
26/04/2020,15:00,322,149,173
26/04/2020,16:00,243,107,136
26/04/2020,17:00,197,112,85
26/04/2020,18:00,103,65,38
26/04/2020,19:00,103,80,23
26/04/2020,20:00,55,53,2
26/04/2020,21:00,14,14,0
26/04/2020,22:00,10,10,0
26/04/2020,23:00,6,6,0
27/04/2020,0:00,4,4,0
27/04/2020,1:00,4,4,0
27/04/2020,2:00,0,0,0
27/04/2020,3:00,1,1,0
27/04/2020,4:00,2,2,0
27/04/2020,5:00,11,10,1
27/04/2020,6:00,39,35,4
27/04/2020,7:00,62,57,5
27/04/2020,8:00,90,88,2
27/04/2020,9:00,114,95,19
27/04/2020,10:00,160,130,30
27/04/2020,11:00,185,158,27
27/04/2020,12:00,190,163,27
27/04/2020,13:00,152,129,23
27/04/2020,14:00,143,117,26
27/04/2020,15:00,142,121,21
27/04/2020,16:00,147,130,17
27/04/2020,17:00,127,94,33
27/04/2020,18:00,92,62,30
27/04/2020,19:00,63,44,19
27/04/2020,20:00,21,20,1
27/04/2020,21:00,9,9,0
27/04/2020,22:00,7,7,0
27/04/2020,23:00,5,5,0
28/04/2020,0:00,6,6,0
28/04/2020,1:00,5,5,0
28/04/2020,2:00,1,1,0
28/04/2020,3:00,2,2,0
28/04/2020,4:00,2,2,0
28/04/2020,5:00,17,15,2
28/04/2020,6:00,30,26,4
28/04/2020,7:00,63,55,8
28/04/2020,8:00,75,66,9
28/04/2020,9:00,100,82,18
28/04/2020,10:00,157,111,46
28/04/2020,11:00,220,171,49
28/04/2020,12:00,266,206,60
28/04/2020,13:00,287,192,95
28/04/2020,14:00,268,182,86
28/04/2020,15:00,311,183,128
28/04/2020,16:00,274,179,95
28/04/2020,17:00,211,168,43
28/04/2020,18:00,65,53,12
28/04/2020,19:00,1,1,0
28/04/2020,20:00,3,3,0
28/04/2020,21:00,3,3,0
28/04/2020,22:00,5,5,0
28/04/2020,23:00,1,1,0
29/04/2020,0:00,0,0,0
29/04/2020,1:00,2,2,0
29/04/2020,2:00,0,0,0
29/04/2020,3:00,0,0,0
29/04/2020,4:00,0,0,0
29/04/2020,5:00,0,0,0
29/04/2020,6:00,2,2,0
29/04/2020,7:00,19,17,2
29/04/2020,8:00,29,29,0
29/04/2020,9:00,44,43,1
29/04/2020,10:00,47,40,7
29/04/2020,11:00,47,40,7
29/04/2020,12:00,31,26,5
29/04/2020,13:00,20,20,0
29/04/2020,14:00,12,10,2
29/04/2020,15:00,4,4,0
29/04/2020,16:00,1,1,0
29/04/2020,17:00,6,6,0
29/04/2020,18:00,3,3,0
29/04/2020,19:00,2,2,0
29/04/2020,20:00,3,3,0
29/04/2020,21:00,2,2,0
29/04/2020,22:00,1,1,0
29/04/2020,23:00,0,0,0
30/04/2020,0:00,0,0,0
30/04/2020,1:00,0,0,0
30/04/2020,2:00,1,1,0
30/04/2020,3:00,1,1,0
30/04/2020,4:00,1,1,0
30/04/2020,5:00,5,5,0
30/04/2020,6:00,25,24,1
30/04/2020,7:00,46,44,2
30/04/2020,8:00,43,40,3
30/04/2020,9:00,65,60,5
30/04/2020,10:00,77,68,9
30/04/2020,11:00,126,115,11
30/04/2020,12:00,166,146,20
30/04/2020,13:00,118,101,17
30/04/2020,14:00,152,134,18
30/04/2020,15:00,174,145,29
30/04/2020,16:00,221,173,48
30/04/2020,17:00,214,154,60
30/04/2020,18:00,158,101,57
30/04/2020,19:00,120,82,38
30/04/2020,20:00,54,45,9
30/04/2020,21:00,36,36,0
30/04/2020,22:00,14,14,0
30/04/2020,23:00,8,8,0
1/5/2020,0:00,5,5,0
1/5/2020,1:00,1,1,0
1/5/2020,2:00,1,1,0
1/5/2020,3:00,2,2,0
1/5/2020,4:00,2,2,0
1/5/2020,5:00,10,9,1
1/5/2020,6:00,41,35,6
1/5/2020,7:00,73,66,7
1/5/2020,8:00,106,96,10
1/5/2020,9:00,113,95,18
1/5/2020,10:00,160,129,31
1/5/2020,11:00,234,184,50
1/5/2020,12:00,287,211,76
1/5/2020,13:00,272,189,83
1/5/2020,14:00,287,185,102
1/5/2020,15:00,321,202,119
1/5/2020,16:00,280,187,93
1/5/2020,17:00,198,158,40
1/5/2020,18:00,137,114,23
1/5/2020,19:00,96,77,19
1/5/2020,20:00,39,37,2
1/5/2020,21:00,19,19,0
1/5/2020,22:00,8,8,0
1/5/2020,23:00,15,15,0
2/5/2020,0:00,5,5,0
2/5/2020,1:00,3,3,0
2/5/2020,2:00,1,1,0
2/5/2020,3:00,0,0,0
2/5/2020,4:00,1,1,0
2/5/2020,5:00,9,8,1
2/5/2020,6:00,35,28,7
2/5/2020,7:00,75,59,16
2/5/2020,8:00,123,91,32
2/5/2020,9:00,216,148,68
2/5/2020,10:00,258,190,68
2/5/2020,11:00,295,182,113
2/5/2020,12:00,354,237,117
2/5/2020,13:00,364,236,128
2/5/2020,14:00,330,209,121
2/5/2020,15:00,360,209,151
2/5/2020,16:00,340,199,141
2/5/2020,17:00,227,182,45
2/5/2020,18:00,207,137,70
2/5/2020,19:00,162,116,46
2/5/2020,20:00,72,72,0
2/5/2020,21:00,34,34,0
2/5/2020,22:00,6,6,0
2/5/2020,23:00,7,6,1
3/5/2020,0:00,2,2,0
3/5/2020,1:00,0,0,0
3/5/2020,2:00,0,0,0
3/5/2020,3:00,0,0,0
3/5/2020,4:00,1,1,0
3/5/2020,5:00,4,3,1
3/5/2020,6:00,14,5,9
3/5/2020,7:00,24,15,9
3/5/2020,8:00,53,35,18
3/5/2020,9:00,97,71,26
3/5/2020,10:00,157,95,62
3/5/2020,11:00,170,101,69
3/5/2020,12:00,194,99,95
3/5/2020,13:00,125,62,63
3/5/2020,14:00,29,14,15
3/5/2020,15:00,54,29,25
3/5/2020,16:00,155,76,79
3/5/2020,17:00,219,115,104
3/5/2020,18:00,174,102,72
3/5/2020,19:00,94,64,30
3/5/2020,20:00,53,47,6
3/5/2020,21:00,22,21,1
3/5/2020,22:00,8,8,0
3/5/2020,23:00,4,4,0
4/5/2020,0:00,3,3,0
4/5/2020,1:00,5,5,0
4/5/2020,2:00,0,0,0
4/5/2020,3:00,0,0,0
4/5/2020,4:00,3,3,0
4/5/2020,5:00,7,7,0
4/5/2020,6:00,41,36,5
4/5/2020,7:00,73,72,1
4/5/2020,8:00,63,60,3
4/5/2020,9:00,92,86,6
4/5/2020,10:00,104,87,17
4/5/2020,11:00,154,134,20
4/5/2020,12:00,191,164,27
4/5/2020,13:00,139,114,25
4/5/2020,14:00,136,103,33
4/5/2020,15:00,137,108,29
4/5/2020,16:00,170,131,39
4/5/2020,17:00,127,83,44
4/5/2020,18:00,58,50,8
4/5/2020,19:00,31,27,4
4/5/2020,20:00,9,7,2
4/5/2020,21:00,5,5,0
4/5/2020,22:00,4,4,0
4/5/2020,23:00,0,0,0
5/5/2020,0:00,0,0,0
5/5/2020,1:00,0,0,0
5/5/2020,2:00,0,0,0
5/5/2020,3:00,0,0,0
5/5/2020,4:00,1,1,0
5/5/2020,5:00,9,9,0
5/5/2020,6:00,15,11,4
5/5/2020,7:00,25,22,3
5/5/2020,8:00,29,29,0
5/5/2020,9:00,17,17,0
5/5/2020,10:00,11,11,0
5/5/2020,11:00,26,26,0
5/5/2020,12:00,29,29,0
5/5/2020,13:00,37,33,4
5/5/2020,14:00,33,26,7
5/5/2020,15:00,29,25,4
5/5/2020,16:00,40,37,3
5/5/2020,17:00,34,27,7
5/5/2020,18:00,34,30,4
5/5/2020,19:00,22,20,2
5/5/2020,20:00,17,17,0
5/5/2020,21:00,6,6,0
5/5/2020,22:00,7,7,0
5/5/2020,23:00,4,4,0
6/5/2020,0:00,6,2,4
6/5/2020,1:00,3,3,0
6/5/2020,2:00,1,1,0
6/5/2020,3:00,1,1,0
6/5/2020,4:00,2,1,1
6/5/2020,5:00,7,7,0
6/5/2020,6:00,33,31,2
6/5/2020,7:00,65,61,4
6/5/2020,8:00,85,81,4
6/5/2020,9:00,91,90,1
6/5/2020,10:00,149,129,20
6/5/2020,11:00,195,157,38
6/5/2020,12:00,220,183,37
6/5/2020,13:00,212,161,51
6/5/2020,14:00,252,189,63
6/5/2020,15:00,278,198,80
6/5/2020,16:00,309,205,104
6/5/2020,17:00,293,202,91
6/5/2020,18:00,124,99,25
6/5/2020,19:00,83,68,15
6/5/2020,20:00,48,45,3
6/5/2020,21:00,20,19,1
6/5/2020,22:00,12,12,0
6/5/2020,23:00,8,8,0
7/5/2020,0:00,5,2,3
7/5/2020,1:00,6,5,1
7/5/2020,2:00,3,3,0
7/5/2020,3:00,2,2,0
7/5/2020,4:00,1,1,0
7/5/2020,5:00,9,7,2
7/5/2020,6:00,51,41,10
7/5/2020,7:00,71,65,6
7/5/2020,8:00,80,75,5
7/5/2020,9:00,110,96,14
7/5/2020,10:00,167,142,25
7/5/2020,11:00,216,173,43
7/5/2020,12:00,274,211,63
7/5/2020,13:00,248,190,58
7/5/2020,14:00,253,178,75
7/5/2020,15:00,278,213,65
7/5/2020,16:00,289,215,74
7/5/2020,17:00,249,188,61
7/5/2020,18:00,181,124,57
7/5/2020,19:00,113,90,23
7/5/2020,20:00,62,51,11
7/5/2020,21:00,35,35,0
7/5/2020,22:00,21,21,0
7/5/2020,23:00,8,8,0
8/5/2020,0:00,3,3,0
8/5/2020,1:00,7,5,2
8/5/2020,2:00,1,1,0
8/5/2020,3:00,0,0,0
8/5/2020,4:00,0,0,0
8/5/2020,5:00,11,10,1
8/5/2020,6:00,33,28,5
8/5/2020,7:00,51,48,3
8/5/2020,8:00,60,55,5
8/5/2020,9:00,68,63,5
8/5/2020,10:00,106,100,6
8/5/2020,11:00,120,113,7
8/5/2020,12:00,147,135,12
8/5/2020,13:00,105,93,12
8/5/2020,14:00,172,145,27
8/5/2020,15:00,160,126,34
8/5/2020,16:00,177,164,13
8/5/2020,17:00,163,144,19
8/5/2020,18:00,100,83,17
8/5/2020,19:00,62,57,5
8/5/2020,20:00,56,56,0
8/5/2020,21:00,50,50,0
8/5/2020,22:00,13,13,0
8/5/2020,23:00,6,6,0
9/5/2020,0:00,7,7,0
9/5/2020,1:00,1,1,0
9/5/2020,2:00,0,0,0
9/5/2020,3:00,4,4,0
9/5/2020,4:00,1,1,0
9/5/2020,5:00,7,7,0
9/5/2020,6:00,14,13,1
9/5/2020,7:00,38,35,3
9/5/2020,8:00,92,87,5
9/5/2020,9:00,118,110,8
9/5/2020,10:00,163,144,19
9/5/2020,11:00,213,185,28
9/5/2020,12:00,218,160,58
9/5/2020,13:00,269,174,95
9/5/2020,14:00,234,162,72
9/5/2020,15:00,277,162,115
9/5/2020,16:00,270,165,105
9/5/2020,17:00,209,131,78
9/5/2020,18:00,171,127,44
9/5/2020,19:00,145,124,21
9/5/2020,20:00,76,75,1
9/5/2020,21:00,25,25,0
9/5/2020,22:00,22,22,0
9/5/2020,23:00,8,8,0
10/5/2020,0:00,6,6,0
10/5/2020,1:00,4,4,0
10/5/2020,2:00,0,0,0
10/5/2020,3:00,0,0,0
10/5/2020,4:00,1,1,0
10/5/2020,5:00,4,4,0
10/5/2020,6:00,13,10,3
10/5/2020,7:00,39,30,9
10/5/2020,8:00,20,15,5
10/5/2020,9:00,30,22,8
10/5/2020,10:00,64,54,10
10/5/2020,11:00,35,31,4
10/5/2020,12:00,44,41,3
10/5/2020,13:00,52,49,3
10/5/2020,14:00,50,45,5
10/5/2020,15:00,39,39,0
10/5/2020,16:00,36,35,1
10/5/2020,17:00,54,52,2
10/5/2020,18:00,37,37,0
10/5/2020,19:00,37,37,0
10/5/2020,20:00,22,22,0
10/5/2020,21:00,12,12,0
10/5/2020,22:00,7,7,0
10/5/2020,23:00,2,2,0
11/5/2020,0:00,0,0,0
11/5/2020,1:00,2,2,0
11/5/2020,2:00,1,1,0
11/5/2020,3:00,2,2,0
11/5/2020,4:00,2,2,0
11/5/2020,5:00,5,5,0
11/5/2020,6:00,35,31,4
11/5/2020,7:00,47,45,2
11/5/2020,8:00,59,57,2
11/5/2020,9:00,53,50,3
11/5/2020,10:00,84,75,9
11/5/2020,11:00,79,63,16
11/5/2020,12:00,117,103,14
11/5/2020,13:00,92,78,14
11/5/2020,14:00,109,83,26
11/5/2020,15:00,93,78,15
11/5/2020,16:00,161,129,32
11/5/2020,17:00,107,86,21
11/5/2020,18:00,67,54,13
11/5/2020,19:00,48,40,8
11/5/2020,20:00,27,24,3
11/5/2020,21:00,13,12,1
11/5/2020,22:00,11,11,0
11/5/2020,23:00,8,8,0
12/5/2020,0:00,13,13,0
12/5/2020,1:00,3,3,0
12/5/2020,2:00,2,2,0
12/5/2020,3:00,3,3,0
12/5/2020,4:00,5,5,0
12/5/2020,5:00,16,16,0
12/5/2020,6:00,49,43,6
12/5/2020,7:00,75,67,8
12/5/2020,8:00,89,85,4
12/5/2020,9:00,87,79,8
12/5/2020,10:00,111,92,19
12/5/2020,11:00,151,129,22
12/5/2020,12:00,148,118,30
12/5/2020,13:00,183,140,43
12/5/2020,14:00,230,152,78
12/5/2020,15:00,236,165,71
12/5/2020,16:00,279,188,91
12/5/2020,17:00,256,152,104
12/5/2020,18:00,165,97,68
12/5/2020,19:00,143,96,47
12/5/2020,20:00,46,42,4
12/5/2020,21:00,30,28,2
12/5/2020,22:00,9,9,0
12/5/2020,23:00,4,4,0
13/05/2020,0:00,4,4,0
13/05/2020,1:00,3,3,0
13/05/2020,2:00,1,1,0
13/05/2020,3:00,1,1,0
13/05/2020,4:00,1,1,0
13/05/2020,5:00,13,12,1
13/05/2020,6:00,38,30,8
13/05/2020,7:00,92,86,6
13/05/2020,8:00,71,67,4
13/05/2020,9:00,83,77,6
13/05/2020,10:00,119,111,8
13/05/2020,11:00,101,93,8
13/05/2020,12:00,115,103,12
13/05/2020,13:00,96,83,13
13/05/2020,14:00,127,105,22
13/05/2020,15:00,133,99,34
13/05/2020,16:00,140,101,39
13/05/2020,17:00,135,96,39
13/05/2020,18:00,90,60,30
13/05/2020,19:00,52,35,17
13/05/2020,20:00,24,23,1
13/05/2020,21:00,9,9,0
13/05/2020,22:00,6,6,0
13/05/2020,23:00,4,4,0
14/05/2020,0:00,1,1,0
14/05/2020,1:00,5,5,0
14/05/2020,2:00,0,0,0
14/05/2020,3:00,1,1,0
14/05/2020,4:00,2,2,0
14/05/2020,5:00,5,5,0
14/05/2020,6:00,22,19,3
14/05/2020,7:00,36,28,8
14/05/2020,8:00,34,30,4
14/05/2020,9:00,33,29,4
14/05/2020,10:00,10,8,2
14/05/2020,11:00,6,6,0
14/05/2020,12:00,23,21,2
14/05/2020,13:00,54,42,12
14/05/2020,14:00,152,114,38
14/05/2020,15:00,169,130,39
14/05/2020,16:00,215,165,50
14/05/2020,17:00,201,152,49
14/05/2020,18:00,137,92,45
14/05/2020,19:00,72,57,15
14/05/2020,20:00,45,40,5
14/05/2020,21:00,25,22,3
14/05/2020,22:00,11,11,0
14/05/2020,23:00,9,9,0
15/05/2020,0:00,4,4,0
15/05/2020,1:00,0,0,0
15/05/2020,2:00,0,0,0
15/05/2020,3:00,0,0,0
15/05/2020,4:00,1,1,0
15/05/2020,5:00,0,0,0
15/05/2020,6:00,6,4,2
15/05/2020,7:00,20,17,3
15/05/2020,8:00,49,43,6
15/05/2020,9:00,96,82,14
15/05/2020,10:00,120,95,25
15/05/2020,11:00,118,85,33
15/05/2020,12:00,163,138,25
15/05/2020,13:00,215,177,38
15/05/2020,14:00,240,174,66
15/05/2020,15:00,260,165,95
15/05/2020,16:00,351,261,90
15/05/2020,17:00,283,195,88
15/05/2020,18:00,196,128,68
15/05/2020,19:00,165,89,76
15/05/2020,20:00,68,53,15
15/05/2020,21:00,30,30,0
15/05/2020,22:00,25,25,0
15/05/2020,23:00,6,6,0
16/05/2020,0:00,10,10,0
16/05/2020,1:00,4,4,0
16/05/2020,2:00,1,1,0
16/05/2020,3:00,0,0,0
16/05/2020,4:00,1,1,0
16/05/2020,5:00,7,7,0
16/05/2020,6:00,25,19,6
16/05/2020,7:00,49,39,10
16/05/2020,8:00,108,73,35
16/05/2020,9:00,199,134,65
16/05/2020,10:00,267,173,94
16/05/2020,11:00,294,185,109
16/05/2020,12:00,306,193,113
16/05/2020,13:00,306,197,109
16/05/2020,14:00,375,210,165
16/05/2020,15:00,325,181,144
16/05/2020,16:00,289,172,117
16/05/2020,17:00,233,156,77
16/05/2020,18:00,52,32,20
16/05/2020,19:00,4,4,0
16/05/2020,20:00,0,0,0
16/05/2020,21:00,1,1,0
16/05/2020,22:00,3,3,0
16/05/2020,23:00,2,2,0
17/05/2020,0:00,1,1,0
17/05/2020,1:00,0,0,0
17/05/2020,2:00,0,0,0
17/05/2020,3:00,0,0,0
17/05/2020,4:00,0,0,0
17/05/2020,5:00,0,0,0
17/05/2020,6:00,2,0,2
17/05/2020,7:00,2,2,0
17/05/2020,8:00,4,4,0
17/05/2020,9:00,3,1,2
17/05/2020,10:00,5,4,1
17/05/2020,11:00,10,10,0
17/05/2020,12:00,9,9,0
17/05/2020,13:00,19,13,6
17/05/2020,14:00,21,15,6
17/05/2020,15:00,29,26,3
17/05/2020,16:00,3,3,0
17/05/2020,17:00,8,6,2
17/05/2020,18:00,20,12,8
17/05/2020,19:00,30,21,9
17/05/2020,20:00,29,29,0
17/05/2020,21:00,12,12,0
17/05/2020,22:00,9,9,0
17/05/2020,23:00,3,3,0
18/05/2020,0:00,3,3,0
18/05/2020,1:00,2,2,0
18/05/2020,2:00,2,2,0
18/05/2020,3:00,0,0,0
18/05/2020,4:00,2,2,0
18/05/2020,5:00,3,3,0
18/05/2020,6:00,23,18,5
18/05/2020,7:00,22,21,1
18/05/2020,8:00,33,31,2
18/05/2020,9:00,51,49,2
18/05/2020,10:00,88,79,9
18/05/2020,11:00,111,87,24
18/05/2020,12:00,139,123,16
18/05/2020,13:00,113,96,17
18/05/2020,14:00,52,39,13
18/05/2020,15:00,36,28,8
18/05/2020,16:00,36,24,12
18/05/2020,17:00,62,43,19
18/05/2020,18:00,61,46,15
18/05/2020,19:00,60,45,15
18/05/2020,20:00,31,29,2
18/05/2020,21:00,8,8,0
18/05/2020,22:00,9,9,0
18/05/2020,23:00,1,1,0
19/05/2020,0:00,0,0,0
19/05/2020,1:00,0,0,0
19/05/2020,2:00,0,0,0
19/05/2020,3:00,0,0,0
19/05/2020,4:00,0,0,0
19/05/2020,5:00,12,11,1
19/05/2020,6:00,39,31,8
19/05/2020,7:00,51,46,5
19/05/2020,8:00,62,57,5
19/05/2020,9:00,48,48,0
19/05/2020,10:00,27,25,2
19/05/2020,11:00,23,22,1
19/05/2020,12:00,62,54,8
19/05/2020,13:00,83,61,22
19/05/2020,14:00,86,61,25
19/05/2020,15:00,109,90,19
19/05/2020,16:00,99,81,18
19/05/2020,17:00,36,33,3
19/05/2020,18:00,27,20,7
19/05/2020,19:00,19,19,0
19/05/2020,20:00,16,8,8
19/05/2020,21:00,6,6,0
19/05/2020,22:00,3,3,0
19/05/2020,23:00,3,1,2
20/05/2020,0:00,3,3,0
20/05/2020,1:00,2,2,0
20/05/2020,2:00,4,4,0
20/05/2020,3:00,1,1,0
20/05/2020,4:00,1,1,0
20/05/2020,5:00,9,9,0
20/05/2020,6:00,18,15,3
20/05/2020,7:00,45,37,8
20/05/2020,8:00,51,46,5
20/05/2020,9:00,71,67,4
20/05/2020,10:00,103,95,8
20/05/2020,11:00,135,121,14
20/05/2020,12:00,179,150,29
20/05/2020,13:00,125,99,26
20/05/2020,14:00,168,128,40
20/05/2020,15:00,166,107,59
20/05/2020,16:00,141,117,24
20/05/2020,17:00,158,126,32
20/05/2020,18:00,102,82,20
20/05/2020,19:00,70,49,21
20/05/2020,20:00,32,29,3
20/05/2020,21:00,13,13,0
20/05/2020,22:00,11,11,0
20/05/2020,23:00,7,5,2
21/05/2020,0:00,2,2,0
21/05/2020,1:00,2,2,0
21/05/2020,2:00,1,1,0
21/05/2020,3:00,3,3,0
21/05/2020,4:00,2,2,0
21/05/2020,5:00,14,13,1
21/05/2020,6:00,56,48,8
21/05/2020,7:00,63,51,12
21/05/2020,8:00,59,52,7
21/05/2020,9:00,93,81,12
21/05/2020,10:00,112,91,21
21/05/2020,11:00,133,109,24
21/05/2020,12:00,112,86,26
21/05/2020,13:00,150,110,40
21/05/2020,14:00,185,135,50
21/05/2020,15:00,165,109,56
21/05/2020,16:00,218,157,61
21/05/2020,17:00,217,149,68
21/05/2020,18:00,167,114,53
21/05/2020,19:00,101,67,34
21/05/2020,20:00,66,40,26
21/05/2020,21:00,29,29,0
21/05/2020,22:00,17,17,0
21/05/2020,23:00,8,8,0
22/05/2020,0:00,2,2,0
22/05/2020,1:00,3,3,0
22/05/2020,2:00,2,2,0
22/05/2020,3:00,3,3,0
22/05/2020,4:00,0,0,0
22/05/2020,5:00,15,15,0
22/05/2020,6:00,41,32,9
22/05/2020,7:00,84,68,16
22/05/2020,8:00,128,118,10
22/05/2020,9:00,175,138,37
22/05/2020,10:00,227,189,38
22/05/2020,11:00,262,195,67
22/05/2020,12:00,305,246,59
22/05/2020,13:00,354,256,98
22/05/2020,14:00,371,266,105
22/05/2020,15:00,371,252,119
22/05/2020,16:00,354,253,101
22/05/2020,17:00,326,250,76
22/05/2020,18:00,212,150,62
22/05/2020,19:00,169,120,49
22/05/2020,20:00,70,58,12
22/05/2020,21:00,30,28,2
22/05/2020,22:00,23,23,0
22/05/2020,23:00,16,15,1
23/05/2020,0:00,13,13,0
23/05/2020,1:00,5,5,0
23/05/2020,2:00,2,2,0
23/05/2020,3:00,2,2,0
23/05/2020,4:00,0,0,0
23/05/2020,5:00,8,8,0
23/05/2020,6:00,32,22,10
23/05/2020,7:00,65,41,24
23/05/2020,8:00,130,90,40
23/05/2020,9:00,192,127,65
23/05/2020,10:00,214,140,74
23/05/2020,11:00,296,191,105
23/05/2020,12:00,303,196,107
23/05/2020,13:00,332,214,118
23/05/2020,14:00,291,184,107
23/05/2020,15:00,304,211,93
23/05/2020,16:00,263,193,70
23/05/2020,17:00,205,159,46
23/05/2020,18:00,199,149,50
23/05/2020,19:00,150,106,44
23/05/2020,20:00,107,76,31
23/05/2020,21:00,47,41,6
23/05/2020,22:00,20,20,0
23/05/2020,23:00,12,12,0
24/05/2020,0:00,5,5,0
24/05/2020,1:00,6,4,2
24/05/2020,2:00,2,2,0
24/05/2020,3:00,1,1,0
24/05/2020,4:00,4,4,0
24/05/2020,5:00,6,5,1
24/05/2020,6:00,30,19,11
24/05/2020,7:00,73,45,28
24/05/2020,8:00,170,84,86
24/05/2020,9:00,196,99,97
24/05/2020,10:00,244,128,116
24/05/2020,11:00,345,198,147
24/05/2020,12:00,308,209,99
24/05/2020,13:00,272,197,75
24/05/2020,14:00,284,197,87
24/05/2020,15:00,273,184,89
24/05/2020,16:00,235,173,62
24/05/2020,17:00,238,171,67
24/05/2020,18:00,228,148,80
24/05/2020,19:00,155,101,54
24/05/2020,20:00,93,63,30
24/05/2020,21:00,34,32,2
24/05/2020,22:00,24,22,2
24/05/2020,23:00,5,5,0
25/05/2020,0:00,1,1,0
25/05/2020,1:00,0,0,0
25/05/2020,2:00,0,0,0
25/05/2020,3:00,1,1,0
25/05/2020,4:00,0,0,0
25/05/2020,5:00,7,6,1
25/05/2020,6:00,20,12,8
25/05/2020,7:00,47,31,16
25/05/2020,8:00,109,62,47
25/05/2020,9:00,184,100,84
25/05/2020,10:00,260,142,118
25/05/2020,11:00,253,154,99
25/05/2020,12:00,298,187,111
25/05/2020,13:00,137,84,53
25/05/2020,14:00,187,113,74
25/05/2020,15:00,252,151,101
25/05/2020,16:00,198,128,70
25/05/2020,17:00,178,133,45
25/05/2020,18:00,141,100,41
25/05/2020,19:00,135,70,65
25/05/2020,20:00,61,43,18
25/05/2020,21:00,30,24,6
25/05/2020,22:00,17,15,2
25/05/2020,23:00,1,1,0
26/05/2020,0:00,0,0,0
26/05/2020,1:00,1,1,0
26/05/2020,2:00,0,0,0
26/05/2020,3:00,0,0,0
26/05/2020,4:00,2,2,0
26/05/2020,5:00,23,21,2
26/05/2020,6:00,65,43,22
26/05/2020,7:00,94,80,14
26/05/2020,8:00,136,102,34
26/05/2020,9:00,204,166,38
26/05/2020,10:00,149,102,47
26/05/2020,11:00,122,68,54
26/05/2020,12:00,127,85,42
26/05/2020,13:00,190,134,56
26/05/2020,14:00,314,247,67
26/05/2020,15:00,123,67,56
26/05/2020,16:00,138,79,59
26/05/2020,17:00,73,12,61
26/05/2020,18:00,72,25,47
26/05/2020,19:00,101,1,100
26/05/2020,20:00,36,0,36
26/05/2020,21:00,11,1,10
26/05/2020,22:00,1,0,1
26/05/2020,23:00,2,0,2
27/05/2020,0:00,0,0,0
27/05/2020,1:00,0,0,0
27/05/2020,2:00,0,0,0
27/05/2020,3:00,0,0,0
27/05/2020,4:00,0,0,0
27/05/2020,5:00,8,0,8
27/05/2020,6:00,36,2,34
27/05/2020,7:00,29,0,29
27/05/2020,8:00,31,3,28
27/05/2020,9:00,40,9,31
27/05/2020,10:00,51,0,51
27/05/2020,11:00,41,8,33
27/05/2020,12:00,59,4,55
27/05/2020,13:00,66,2,64
27/05/2020,14:00,86,29,57
27/05/2020,15:00,68,16,52
27/05/2020,16:00,121,0,121
27/05/2020,17:00,92,0,92
27/05/2020,18:00,65,0,65
27/05/2020,19:00,73,0,73
27/05/2020,20:00,24,0,24
27/05/2020,21:00,4,0,4
27/05/2020,22:00,0,0,0
27/05/2020,23:00,2,0,2
28/05/2020,0:00,0,0,0
28/05/2020,1:00,0,0,0
28/05/2020,2:00,0,0,0
28/05/2020,3:00,0,0,0
28/05/2020,4:00,0,0,0
28/05/2020,5:00,1,0,1
28/05/2020,6:00,28,0,28
28/05/2020,7:00,24,0,24
28/05/2020,8:00,6,0,6
28/05/2020,9:00,7,0,7
28/05/2020,10:00,30,1,29
28/05/2020,11:00,51,4,47
28/05/2020,12:00,52,4,48
28/05/2020,13:00,52,5,47
28/05/2020,14:00,81,1,80
28/05/2020,15:00,89,13,76
28/05/2020,16:00,58,4,54
28/05/2020,17:00,65,2,63
28/05/2020,18:00,6,0,6
28/05/2020,19:00,7,0,7
28/05/2020,20:00,4,0,4
28/05/2020,21:00,3,0,3
28/05/2020,22:00,0,0,0
28/05/2020,23:00,1,0,1
29/05/2020,0:00,0,0,0
29/05/2020,1:00,0,0,0
29/05/2020,2:00,0,0,0
29/05/2020,3:00,0,0,0
29/05/2020,4:00,0,0,0
29/05/2020,5:00,0,0,0
29/05/2020,6:00,24,3,21
29/05/2020,7:00,19,3,16
29/05/2020,8:00,26,5,21
29/05/2020,9:00,44,5,39
29/05/2020,10:00,58,4,54
29/05/2020,11:00,78,10,68
29/05/2020,12:00,48,6,42
29/05/2020,13:00,86,10,76
29/05/2020,14:00,82,0,82
29/05/2020,15:00,105,3,102
29/05/2020,16:00,101,8,93
29/05/2020,17:00,61,0,61
29/05/2020,18:00,50,2,48
29/05/2020,19:00,46,3,43
29/05/2020,20:00,21,2,19
29/05/2020,21:00,2,0,2
29/05/2020,22:00,0,0,0
29/05/2020,23:00,0,0,0
30/05/2020,0:00,0,0,0
30/05/2020,1:00,0,0,0
30/05/2020,2:00,0,0,0
30/05/2020,3:00,0,0,0
30/05/2020,4:00,0,0,0
30/05/2020,5:00,5,1,4
30/05/2020,6:00,15,5,10
30/05/2020,7:00,28,4,24
30/05/2020,8:00,66,10,56
30/05/2020,9:00,94,9,85
30/05/2020,10:00,132,12,120
30/05/2020,11:00,148,7,141
30/05/2020,12:00,165,6,159
30/05/2020,13:00,93,4,89
30/05/2020,14:00,137,2,135
30/05/2020,15:00,135,1,134
30/05/2020,16:00,130,3,127
30/05/2020,17:00,97,1,96
30/05/2020,18:00,94,1,93
30/05/2020,19:00,60,1,59
30/05/2020,20:00,28,1,27
30/05/2020,21:00,11,0,11
30/05/2020,22:00,3,0,3
30/05/2020,23:00,0,0,0
31/05/2020,0:00,1,0,1
31/05/2020,1:00,1,0,1
31/05/2020,2:00,0,0,0
31/05/2020,3:00,0,0,0
31/05/2020,4:00,0,0,0
31/05/2020,5:00,3,1,2
31/05/2020,6:00,18,8,10
31/05/2020,7:00,20,9,11
31/05/2020,8:00,29,7,22
31/05/2020,9:00,57,7,50
31/05/2020,10:00,111,9,102
31/05/2020,11:00,110,5,105
31/05/2020,12:00,102,0,102
31/05/2020,13:00,141,1,140
31/05/2020,14:00,122,3,119
31/05/2020,15:00,197,41,156
31/05/2020,16:00,117,16,101
31/05/2020,17:00,98,6,92
31/05/2020,18:00,60,1,59
31/05/2020,19:00,53,1,52
31/05/2020,20:00,21,0,21
31/05/2020,21:00,5,0,5
31/05/2020,22:00,0,0,0
31/05/2020,23:00,1,0,1
1/6/2020,0:00,0,0,0
1/6/2020,1:00,0,0,0
1/6/2020,2:00,0,0,0
1/6/2020,3:00,0,0,0
1/6/2020,4:00,0,0,0
1/6/2020,5:00,4,1,3
1/6/2020,6:00,15,1,14
1/6/2020,7:00,24,0,24
1/6/2020,8:00,12,0,12
1/6/2020,9:00,17,1,16
1/6/2020,10:00,35,1,34
1/6/2020,11:00,27,0,27
1/6/2020,12:00,33,0,33
1/6/2020,13:00,26,1,25
1/6/2020,14:00,50,0,50
1/6/2020,15:00,51,3,48
1/6/2020,16:00,62,2,60
1/6/2020,17:00,90,25,65
1/6/2020,18:00,43,0,43
1/6/2020,19:00,35,0,35
1/6/2020,20:00,10,0,10
1/6/2020,21:00,0,0,0
1/6/2020,22:00,0,0,0
1/6/2020,23:00,1,0,1
2/6/2020,0:00,0,0,0
2/6/2020,1:00,0,0,0
2/6/2020,2:00,0,0,0
2/6/2020,3:00,0,0,0
2/6/2020,4:00,0,0,0
2/6/2020,5:00,2,1,1
2/6/2020,6:00,18,0,18
2/6/2020,7:00,15,2,13
2/6/2020,8:00,10,1,9
2/6/2020,9:00,20,1,19
2/6/2020,10:00,37,16,21
2/6/2020,11:00,78,39,39
2/6/2020,12:00,84,53,31
2/6/2020,13:00,135,95,40
2/6/2020,14:00,191,164,27
2/6/2020,15:00,333,280,53
2/6/2020,16:00,436,384,52
2/6/2020,17:00,495,434,61
2/6/2020,18:00,352,307,45
2/6/2020,19:00,119,81,38
2/6/2020,20:00,57,23,34
2/6/2020,21:00,5,5,0
2/6/2020,22:00,3,0,3
2/6/2020,23:00,1,0,1
3/6/2020,0:00,0,0,0
3/6/2020,1:00,0,0,0
3/6/2020,2:00,1,1,0
3/6/2020,3:00,0,0,0
3/6/2020,4:00,0,0,0
3/6/2020,5:00,6,1,5
3/6/2020,6:00,36,3,33
3/6/2020,7:00,24,2,22
3/6/2020,8:00,23,1,22
3/6/2020,9:00,19,0,19
3/6/2020,10:00,31,1,30
3/6/2020,11:00,30,3,27
3/6/2020,12:00,30,0,30
3/6/2020,13:00,23,6,17
3/6/2020,14:00,38,0,38
3/6/2020,15:00,25,2,23
3/6/2020,16:00,37,1,36
3/6/2020,17:00,43,0,43
3/6/2020,18:00,36,1,35
3/6/2020,19:00,47,1,46
3/6/2020,20:00,17,0,17
3/6/2020,21:00,0,0,0
3/6/2020,22:00,1,0,1
3/6/2020,23:00,1,0,1
4/6/2020,0:00,0,0,0
4/6/2020,1:00,0,0,0
4/6/2020,2:00,0,0,0
4/6/2020,3:00,0,0,0
4/6/2020,4:00,0,0,0
4/6/2020,5:00,4,0,4
4/6/2020,6:00,34,0,34
4/6/2020,7:00,20,0,20
4/6/2020,8:00,23,0,23
4/6/2020,9:00,25,0,25
4/6/2020,10:00,40,2,38
4/6/2020,11:00,46,2,44
4/6/2020,12:00,44,1,43
4/6/2020,13:00,49,5,44
4/6/2020,14:00,65,0,65
4/6/2020,15:00,69,5,64
4/6/2020,16:00,82,11,71
4/6/2020,17:00,86,6,80
4/6/2020,18:00,59,1,58
4/6/2020,19:00,60,0,60
4/6/2020,20:00,31,0,31
4/6/2020,21:00,6,0,6
4/6/2020,22:00,0,0,0
4/6/2020,23:00,1,0,1
5/6/2020,0:00,0,0,0
5/6/2020,1:00,0,0,0
5/6/2020,2:00,0,0,0
5/6/2020,3:00,0,0,0
5/6/2020,4:00,0,0,0
5/6/2020,5:00,13,4,9
5/6/2020,6:00,26,0,26
5/6/2020,7:00,39,2,37
5/6/2020,8:00,33,1,32
5/6/2020,9:00,21,2,19
5/6/2020,10:00,50,5,45
5/6/2020,11:00,39,2,37
5/6/2020,12:00,37,2,35
5/6/2020,13:00,46,5,41
5/6/2020,14:00,54,1,53
5/6/2020,15:00,78,6,72
5/6/2020,16:00,48,0,48
5/6/2020,17:00,67,3,64
5/6/2020,18:00,59,2,57
5/6/2020,19:00,66,1,65
5/6/2020,20:00,20,0,20
5/6/2020,21:00,8,0,8
5/6/2020,22:00,6,1,5
5/6/2020,23:00,2,0,2
6/6/2020,0:00,0,0,0
6/6/2020,1:00,0,0,0
6/6/2020,2:00,0,0,0
6/6/2020,3:00,0,0,0
6/6/2020,4:00,0,0,0
6/6/2020,5:00,1,0,1
6/6/2020,6:00,27,2,25
6/6/2020,7:00,39,1,38
6/6/2020,8:00,87,0,87
6/6/2020,9:00,97,3,94
6/6/2020,10:00,96,2,94
6/6/2020,11:00,115,12,103
6/6/2020,12:00,81,13,68
6/6/2020,13:00,83,8,75
6/6/2020,14:00,66,10,56
6/6/2020,15:00,58,14,44
6/6/2020,16:00,70,5,65
6/6/2020,17:00,41,4,37
6/6/2020,18:00,59,5,54
6/6/2020,19:00,62,1,61
6/6/2020,20:00,27,0,27
6/6/2020,21:00,4,0,4
6/6/2020,22:00,0,0,0
6/6/2020,23:00,1,0,1
7/6/2020,0:00,0,0,0
7/6/2020,1:00,0,0,0
7/6/2020,2:00,1,0,1
7/6/2020,3:00,0,0,0
7/6/2020,4:00,0,0,0
7/6/2020,5:00,1,0,1
7/6/2020,6:00,11,1,10
7/6/2020,7:00,30,8,22
7/6/2020,8:00,73,5,68
7/6/2020,9:00,78,6,72
7/6/2020,10:00,121,3,118
7/6/2020,11:00,82,6,76
7/6/2020,12:00,85,6,79
7/6/2020,13:00,70,8,62
7/6/2020,14:00,102,6,96
7/6/2020,15:00,97,10,87
7/6/2020,16:00,83,4,79
7/6/2020,17:00,70,4,66
7/6/2020,18:00,53,4,49
7/6/2020,19:00,67,0,67
7/6/2020,20:00,51,0,51
7/6/2020,21:00,6,0,6
7/6/2020,22:00,0,0,0
7/6/2020,23:00,0,0,0
8/6/2020,0:00,0,0,0
8/6/2020,1:00,0,0,0
8/6/2020,2:00,0,0,0
8/6/2020,3:00,0,0,0
8/6/2020,4:00,1,1,0
8/6/2020,5:00,9,7,2
8/6/2020,6:00,22,3,19
8/6/2020,7:00,24,3,21
8/6/2020,8:00,37,3,34
8/6/2020,9:00,48,5,43
8/6/2020,10:00,51,7,44
8/6/2020,11:00,45,7,38
8/6/2020,12:00,33,4,29
8/6/2020,13:00,39,5,34
8/6/2020,14:00,47,9,38
8/6/2020,15:00,45,6,39
8/6/2020,16:00,59,10,49
8/6/2020,17:00,78,3,75
8/6/2020,18:00,78,2,76
8/6/2020,19:00,56,2,54
8/6/2020,20:00,21,0,21
8/6/2020,21:00,6,0,6
8/6/2020,22:00,1,0,1
8/6/2020,23:00,2,0,2
9/6/2020,0:00,0,0,0
9/6/2020,1:00,0,0,0
9/6/2020,2:00,0,0,0
9/6/2020,3:00,0,0,0
9/6/2020,4:00,0,0,0
9/6/2020,5:00,10,0,10
9/6/2020,6:00,23,1,22
9/6/2020,7:00,24,2,22
9/6/2020,8:00,24,1,23
9/6/2020,9:00,9,2,7
9/6/2020,10:00,9,0,9
9/6/2020,11:00,1,0,1
9/6/2020,12:00,1,0,1
9/6/2020,13:00,3,0,3
9/6/2020,14:00,1,0,1
9/6/2020,15:00,5,0,5
9/6/2020,16:00,5,0,5
9/6/2020,17:00,4,0,4
9/6/2020,18:00,20,0,20
9/6/2020,19:00,17,0,17
9/6/2020,20:00,26,0,26
9/6/2020,21:00,3,1,2
9/6/2020,22:00,0,0,0
9/6/2020,23:00,1,0,1
10/6/2020,0:00,0,0,0
10/6/2020,1:00,0,0,0
10/6/2020,2:00,0,0,0
10/6/2020,3:00,0,0,0
10/6/2020,4:00,0,0,0
10/6/2020,5:00,2,0,2
10/6/2020,6:00,27,0,27
10/6/2020,7:00,20,1,19
10/6/2020,8:00,21,2,19
10/6/2020,9:00,29,2,27
10/6/2020,10:00,47,9,38
10/6/2020,11:00,49,9,40
10/6/2020,12:00,55,24,31
10/6/2020,13:00,86,39,47
10/6/2020,14:00,43,12,31
10/6/2020,15:00,17,4,13
10/6/2020,16:00,23,0,23
10/6/2020,17:00,39,0,39
10/6/2020,18:00,22,0,22
10/6/2020,19:00,3,0,3
10/6/2020,20:00,10,1,9
10/6/2020,21:00,3,0,3
10/6/2020,22:00,0,0,0
10/6/2020,23:00,1,0,1
11/6/2020,0:00,1,0,1
11/6/2020,1:00,0,0,0
11/6/2020,2:00,0,0,0
11/6/2020,3:00,0,0,0
11/6/2020,4:00,0,0,0
11/6/2020,5:00,11,3,8
11/6/2020,6:00,24,4,20
11/6/2020,7:00,23,1,22
11/6/2020,8:00,19,1,18
11/6/2020,9:00,59,9,50
11/6/2020,10:00,35,5,30
11/6/2020,11:00,72,12,60
11/6/2020,12:00,84,9,75
11/6/2020,13:00,73,13,60
11/6/2020,14:00,69,21,48
11/6/2020,15:00,65,21,44
11/6/2020,16:00,82,21,61
11/6/2020,17:00,83,7,76
11/6/2020,18:00,70,1,69
11/6/2020,19:00,64,1,63
11/6/2020,20:00,31,0,31
11/6/2020,21:00,4,0,4
11/6/2020,22:00,0,0,0
11/6/2020,23:00,1,0,1
12/6/2020,0:00,4,1,3
12/6/2020,1:00,0,0,0
12/6/2020,2:00,2,0,2
12/6/2020,3:00,0,0,0
12/6/2020,4:00,0,0,0
12/6/2020,5:00,13,5,8
12/6/2020,6:00,12,0,12
12/6/2020,7:00,24,1,23
12/6/2020,8:00,39,6,33
12/6/2020,9:00,45,10,35
12/6/2020,10:00,58,15,43
12/6/2020,11:00,72,9,63
12/6/2020,12:00,86,13,73
12/6/2020,13:00,65,4,61
12/6/2020,14:00,63,9,54
12/6/2020,15:00,54,9,45
12/6/2020,16:00,58,12,46
12/6/2020,17:00,47,2,45
12/6/2020,18:00,63,4,59
12/6/2020,19:00,53,4,49
12/6/2020,20:00,25,2,23
12/6/2020,21:00,1,0,1
12/6/2020,22:00,0,0,0
12/6/2020,23:00,2,0,2
13/06/2020,0:00,0,0,0
13/06/2020,1:00,0,0,0
13/06/2020,2:00,0,0,0
13/06/2020,3:00,0,0,0
13/06/2020,4:00,0,0,0
13/06/2020,5:00,2,1,1
13/06/2020,6:00,37,4,33
13/06/2020,7:00,28,1,27
13/06/2020,8:00,65,9,56
13/06/2020,9:00,81,4,77
13/06/2020,10:00,105,3,102
13/06/2020,11:00,141,0,141
13/06/2020,12:00,101,0,101
13/06/2020,13:00,77,2,75
13/06/2020,14:00,131,1,130
13/06/2020,15:00,103,2,101
13/06/2020,16:00,113,1,112
13/06/2020,17:00,81,4,77
13/06/2020,18:00,50,0,50
13/06/2020,19:00,79,3,76
13/06/2020,20:00,29,0,29
13/06/2020,21:00,11,0,11
13/06/2020,22:00,0,0,0
13/06/2020,23:00,1,0,1
14/06/2020,0:00,0,0,0
14/06/2020,1:00,0,0,0
14/06/2020,2:00,0,0,0
14/06/2020,3:00,0,0,0
14/06/2020,4:00,0,0,0
14/06/2020,5:00,1,1,0
14/06/2020,6:00,16,4,12
14/06/2020,7:00,21,5,16
14/06/2020,8:00,51,2,49
14/06/2020,9:00,52,3,49
14/06/2020,10:00,60,1,59
14/06/2020,11:00,86,1,85
14/06/2020,12:00,89,0,89
14/06/2020,13:00,113,0,113
14/06/2020,14:00,119,2,117
14/06/2020,15:00,101,4,97
14/06/2020,16:00,114,3,111
14/06/2020,17:00,66,2,64
14/06/2020,18:00,76,4,72
14/06/2020,19:00,64,0,64
14/06/2020,20:00,31,2,29
14/06/2020,21:00,6,0,6
14/06/2020,22:00,1,0,1
14/06/2020,23:00,0,0,0
15/06/2020,0:00,0,0,0
15/06/2020,1:00,0,0,0
15/06/2020,2:00,0,0,0
15/06/2020,3:00,0,0,0
15/06/2020,4:00,1,1,0
15/06/2020,5:00,11,7,4
15/06/2020,6:00,33,9,24
15/06/2020,7:00,20,2,18
15/06/2020,8:00,15,4,11
15/06/2020,9:00,25,6,19
15/06/2020,10:00,33,1,32
15/06/2020,11:00,36,4,32
15/06/2020,12:00,55,2,53
15/06/2020,13:00,42,7,35
15/06/2020,14:00,56,7,49
15/06/2020,15:00,68,6,62
15/06/2020,16:00,84,2,82
15/06/2020,17:00,88,5,83
15/06/2020,18:00,102,4,98
15/06/2020,19:00,89,2,87
15/06/2020,20:00,27,3,24
15/06/2020,21:00,4,0,4
15/06/2020,22:00,0,0,0
15/06/2020,23:00,0,0,0
16/06/2020,0:00,0,0,0
16/06/2020,1:00,0,0,0
16/06/2020,2:00,0,0,0
16/06/2020,3:00,0,0,0
16/06/2020,4:00,1,0,1
16/06/2020,5:00,12,4,8
16/06/2020,6:00,21,2,19
16/06/2020,7:00,17,2,15
16/06/2020,8:00,31,4,27
16/06/2020,9:00,40,1,39
16/06/2020,10:00,68,3,65
16/06/2020,11:00,35,3,32
16/06/2020,12:00,49,3,46
16/06/2020,13:00,58,1,57
16/06/2020,14:00,64,3,61
16/06/2020,15:00,50,5,45
16/06/2020,16:00,85,5,80
16/06/2020,17:00,81,2,79
16/06/2020,18:00,86,3,83
16/06/2020,19:00,74,2,72
16/06/2020,20:00,62,0,62
16/06/2020,21:00,4,0,4
16/06/2020,22:00,2,1,1
16/06/2020,23:00,1,0,1
17/06/2020,0:00,0,0,0
17/06/2020,1:00,0,0,0
17/06/2020,2:00,0,0,0
17/06/2020,3:00,0,0,0
17/06/2020,4:00,0,0,0
17/06/2020,5:00,14,5,9
17/06/2020,6:00,33,2,31
17/06/2020,7:00,37,1,36
17/06/2020,8:00,42,6,36
17/06/2020,9:00,40,6,34
17/06/2020,10:00,34,5,29
17/06/2020,11:00,55,5,50
17/06/2020,12:00,66,4,62
17/06/2020,13:00,59,3,56
17/06/2020,14:00,85,1,84
17/06/2020,15:00,38,1,37
17/06/2020,16:00,73,7,66
17/06/2020,17:00,80,6,74
17/06/2020,18:00,87,3,84
17/06/2020,19:00,84,2,82
17/06/2020,20:00,29,1,28
17/06/2020,21:00,6,0,6
17/06/2020,22:00,1,0,1
17/06/2020,23:00,2,0,2
18/06/2020,0:00,1,0,1
18/06/2020,1:00,0,0,0
18/06/2020,2:00,0,0,0
18/06/2020,3:00,0,0,0
18/06/2020,4:00,0,0,0
18/06/2020,5:00,14,3,11
18/06/2020,6:00,29,3,26
18/06/2020,7:00,16,0,16
18/06/2020,8:00,39,6,33
18/06/2020,9:00,36,3,33
18/06/2020,10:00,53,12,41
18/06/2020,11:00,35,7,28
18/06/2020,12:00,38,6,32
18/06/2020,13:00,34,6,28
18/06/2020,14:00,42,2,40
18/06/2020,15:00,60,5,55
18/06/2020,16:00,57,5,52
18/06/2020,17:00,64,6,58
18/06/2020,18:00,50,1,49
18/06/2020,19:00,92,0,92
18/06/2020,20:00,23,1,22
18/06/2020,21:00,5,0,5
18/06/2020,22:00,3,0,3
18/06/2020,23:00,2,0,2
19/06/2020,0:00,0,0,0
19/06/2020,1:00,0,0,0
19/06/2020,2:00,0,0,0
19/06/2020,3:00,0,0,0
19/06/2020,4:00,0,0,0
19/06/2020,5:00,9,1,8
19/06/2020,6:00,29,2,27
19/06/2020,7:00,39,1,38
19/06/2020,8:00,35,6,29
19/06/2020,9:00,59,5,54
19/06/2020,10:00,36,10,26
19/06/2020,11:00,56,8,48
19/06/2020,12:00,24,8,16
19/06/2020,13:00,57,7,50
19/06/2020,14:00,32,4,28
19/06/2020,15:00,48,6,42
19/06/2020,16:00,71,7,64
19/06/2020,17:00,47,3,44
19/06/2020,18:00,47,3,44
19/06/2020,19:00,52,0,52
19/06/2020,20:00,23,0,23
19/06/2020,21:00,4,0,4
19/06/2020,22:00,1,0,1
19/06/2020,23:00,1,0,1
20/06/2020,0:00,0,0,0
20/06/2020,1:00,0,0,0
20/06/2020,2:00,0,0,0
20/06/2020,3:00,0,0,0
20/06/2020,4:00,0,0,0
20/06/2020,5:00,7,1,6
20/06/2020,6:00,27,1,26
20/06/2020,7:00,66,1,65
20/06/2020,8:00,65,0,65
20/06/2020,9:00,88,3,85
20/06/2020,10:00,71,2,69
20/06/2020,11:00,58,3,55
20/06/2020,12:00,53,4,49
20/06/2020,13:00,43,2,41
20/06/2020,14:00,29,0,29
20/06/2020,15:00,22,0,22
20/06/2020,16:00,21,0,21
20/06/2020,17:00,6,0,6
20/06/2020,18:00,3,0,3
20/06/2020,19:00,0,0,0
20/06/2020,20:00,0,0,0
20/06/2020,21:00,0,0,0
20/06/2020,22:00,0,0,0
20/06/2020,23:00,0,0,0
21/06/2020,0:00,0,0,0
21/06/2020,1:00,0,0,0
21/06/2020,2:00,0,0,0
21/06/2020,3:00,0,0,0
21/06/2020,4:00,0,0,0
21/06/2020,5:00,2,0,2
21/06/2020,6:00,5,0,5
21/06/2020,7:00,18,0,18
21/06/2020,8:00,22,1,21
21/06/2020,9:00,38,0,38
21/06/2020,10:00,57,0,57
21/06/2020,11:00,86,0,86
21/06/2020,12:00,71,0,71
21/06/2020,13:00,108,1,107
21/06/2020,14:00,112,0,112
21/06/2020,15:00,80,1,79
21/06/2020,16:00,65,0,65
21/06/2020,17:00,68,1,67
21/06/2020,18:00,38,0,38
21/06/2020,19:00,26,0,26
21/06/2020,20:00,10,0,10
21/06/2020,21:00,1,0,1
21/06/2020,22:00,1,0,1
21/06/2020,23:00,0,0,0
22/06/2020,0:00,0,0,0
22/06/2020,1:00,0,0,0
22/06/2020,2:00,0,0,0
22/06/2020,3:00,0,0,0
22/06/2020,4:00,1,1,0
22/06/2020,5:00,15,1,14
22/06/2020,6:00,28,0,28
22/06/2020,7:00,24,0,24
22/06/2020,8:00,33,0,33
22/06/2020,9:00,31,0,31
22/06/2020,10:00,48,2,46
22/06/2020,11:00,53,5,48
22/06/2020,12:00,68,7,61
22/06/2020,13:00,38,5,33
22/06/2020,14:00,38,1,37
22/06/2020,15:00,53,3,50
22/06/2020,16:00,52,1,51
22/06/2020,17:00,6,0,6
22/06/2020,18:00,0,0,0
22/06/2020,19:00,0,0,0
22/06/2020,20:00,11,0,11
22/06/2020,21:00,0,0,0
22/06/2020,22:00,0,0,0
22/06/2020,23:00,0,0,0
23/06/2020,0:00,0,0,0
23/06/2020,1:00,0,0,0
23/06/2020,2:00,0,0,0
23/06/2020,3:00,0,0,0
23/06/2020,4:00,0,0,0
23/06/2020,5:00,13,2,11
23/06/2020,6:00,29,4,25
23/06/2020,7:00,26,3,23
23/06/2020,8:00,30,2,28
23/06/2020,9:00,42,3,39
23/06/2020,10:00,49,3,46
23/06/2020,11:00,57,4,53
23/06/2020,12:00,62,0,62
23/06/2020,13:00,61,0,61
23/06/2020,14:00,58,2,56
23/06/2020,15:00,52,0,52
23/06/2020,16:00,66,0,66
23/06/2020,17:00,95,0,95
23/06/2020,18:00,71,0,71
23/06/2020,19:00,81,1,80
23/06/2020,20:00,56,0,56
23/06/2020,21:00,4,0,4
23/06/2020,22:00,0,0,0
23/06/2020,23:00,0,0,0
24/06/2020,0:00,1,0,1
24/06/2020,1:00,1,0,1
24/06/2020,2:00,0,0,0
24/06/2020,3:00,0,0,0
24/06/2020,4:00,0,0,0
24/06/2020,5:00,17,4,13
24/06/2020,6:00,41,1,40
24/06/2020,7:00,38,3,35
24/06/2020,8:00,39,3,36
24/06/2020,9:00,35,2,33
24/06/2020,10:00,61,9,52
24/06/2020,11:00,69,7,62
24/06/2020,12:00,74,13,61
24/06/2020,13:00,49,2,47
24/06/2020,14:00,51,2,49
24/06/2020,15:00,78,4,74
24/06/2020,16:00,68,7,61
24/06/2020,17:00,77,1,76
24/06/2020,18:00,62,0,62
24/06/2020,19:00,60,1,59
24/06/2020,20:00,51,1,50
24/06/2020,21:00,2,0,2
24/06/2020,22:00,2,0,2
24/06/2020,23:00,0,0,0
25/06/2020,0:00,0,0,0
25/06/2020,1:00,0,0,0
25/06/2020,2:00,0,0,0
25/06/2020,3:00,0,0,0
25/06/2020,4:00,0,0,0
25/06/2020,5:00,12,3,9
25/06/2020,6:00,32,2,30
25/06/2020,7:00,26,1,25
25/06/2020,8:00,32,3,29
25/06/2020,9:00,53,6,47
25/06/2020,10:00,56,12,44
25/06/2020,11:00,60,14,46
25/06/2020,12:00,52,10,42
25/06/2020,13:00,58,8,50
25/06/2020,14:00,47,4,43
25/06/2020,15:00,57,4,53
25/06/2020,16:00,67,9,58
25/06/2020,17:00,88,13,75
25/06/2020,18:00,90,1,89
25/06/2020,19:00,79,0,79
25/06/2020,20:00,36,0,36
25/06/2020,21:00,7,0,7
25/06/2020,22:00,1,0,1
25/06/2020,23:00,0,0,0
26/06/2020,0:00,0,0,0
26/06/2020,1:00,1,1,0
26/06/2020,2:00,0,0,0
26/06/2020,3:00,0,0,0
26/06/2020,4:00,0,0,0
26/06/2020,5:00,2,0,2
26/06/2020,6:00,10,0,10
26/06/2020,7:00,27,0,27
26/06/2020,8:00,37,1,36
26/06/2020,9:00,33,3,30
26/06/2020,10:00,48,6,42
26/06/2020,11:00,33,3,30
26/06/2020,12:00,39,2,37
26/06/2020,13:00,32,1,31
26/06/2020,14:00,32,3,29
26/06/2020,15:00,62,13,49
26/06/2020,16:00,44,11,33
26/06/2020,17:00,50,32,18
26/06/2020,18:00,38,3,35
26/06/2020,19:00,48,0,48
26/06/2020,20:00,17,0,17
26/06/2020,21:00,3,0,3
26/06/2020,22:00,0,0,0
26/06/2020,23:00,1,1,0
27/06/2020,0:00,1,0,1
27/06/2020,1:00,1,0,1
27/06/2020,2:00,0,0,0
27/06/2020,3:00,1,0,1
27/06/2020,4:00,0,0,0
27/06/2020,5:00,6,0,6
27/06/2020,6:00,20,1,19
27/06/2020,7:00,41,0,41
27/06/2020,8:00,49,0,49
27/06/2020,9:00,64,2,62
27/06/2020,10:00,65,2,63
27/06/2020,11:00,64,3,61
27/06/2020,12:00,17,0,17
27/06/2020,13:00,22,1,21
27/06/2020,14:00,28,0,28
27/06/2020,15:00,38,0,38
27/06/2020,16:00,44,3,41
27/06/2020,17:00,51,0,51
27/06/2020,18:00,67,0,67
27/06/2020,19:00,57,0,57
27/06/2020,20:00,4,0,4
27/06/2020,21:00,0,0,0
27/06/2020,22:00,1,0,1
27/06/2020,23:00,2,0,2
28/06/2020,0:00,0,0,0
28/06/2020,1:00,0,0,0
28/06/2020,2:00,0,0,0
28/06/2020,3:00,0,0,0
28/06/2020,4:00,0,0,0
28/06/2020,5:00,3,0,3
28/06/2020,6:00,14,0,14
28/06/2020,7:00,46,0,46
28/06/2020,8:00,70,0,70
28/06/2020,9:00,87,2,85
28/06/2020,10:00,59,0,59
28/06/2020,11:00,106,3,103
28/06/2020,12:00,70,0,70
28/06/2020,13:00,74,0,74
28/06/2020,14:00,62,1,61
28/06/2020,15:00,56,0,56
28/06/2020,16:00,45,0,45
28/06/2020,17:00,27,0,27
28/06/2020,18:00,46,2,44
28/06/2020,19:00,65,1,64
28/06/2020,20:00,30,0,30
28/06/2020,21:00,4,0,4
28/06/2020,22:00,1,0,1
28/06/2020,23:00,6,0,6
29/06/2020,0:00,0,0,0
29/06/2020,1:00,1,0,1
29/06/2020,2:00,0,0,0
29/06/2020,3:00,0,0,0
29/06/2020,4:00,1,1,0
29/06/2020,5:00,12,0,12
29/06/2020,6:00,20,2,18
29/06/2020,7:00,22,0,22
29/06/2020,8:00,24,2,22
29/06/2020,9:00,36,4,32
29/06/2020,10:00,41,7,34
29/06/2020,11:00,35,3,32
29/06/2020,12:00,39,6,33
29/06/2020,13:00,25,5,20
29/06/2020,14:00,33,8,25
29/06/2020,15:00,26,3,23
29/06/2020,16:00,63,8,55
29/06/2020,17:00,55,1,54
29/06/2020,18:00,61,0,61
29/06/2020,19:00,60,0,60
29/06/2020,20:00,28,0,28
29/06/2020,21:00,7,0,7
29/06/2020,22:00,0,0,0
29/06/2020,23:00,4,0,4
30/06/2020,0:00,0,0,0
30/06/2020,1:00,0,0,0
30/06/2020,2:00,0,0,0
30/06/2020,3:00,0,0,0
30/06/2020,4:00,0,0,0
30/06/2020,5:00,13,1,12
30/06/2020,6:00,23,0,23
30/06/2020,7:00,31,4,27
30/06/2020,8:00,26,3,23
30/06/2020,9:00,24,4,20
30/06/2020,10:00,42,5,37
30/06/2020,11:00,42,2,40
30/06/2020,12:00,33,2,31
30/06/2020,13:00,38,0,38
30/06/2020,14:00,41,2,39
30/06/2020,15:00,43,2,41
30/06/2020,16:00,42,0,42
30/06/2020,17:00,50,1,49
30/06/2020,18:00,51,0,51
30/06/2020,19:00,46,0,46
30/06/2020,20:00,16,0,16
30/06/2020,21:00,2,0,2
30/06/2020,22:00,3,3,0
30/06/2020,23:00,0,0,0
1/7/2020,0:00,1,1,0
1/7/2020,1:00,0,0,0
1/7/2020,2:00,0,0,0
1/7/2020,3:00,0,0,0
1/7/2020,4:00,0,0,0
1/7/2020,5:00,8,1,7
1/7/2020,6:00,24,2,22
1/7/2020,7:00,37,5,32
1/7/2020,8:00,41,1,40
1/7/2020,9:00,38,3,35
1/7/2020,10:00,53,5,48
1/7/2020,11:00,47,5,42
1/7/2020,12:00,33,2,31
1/7/2020,13:00,32,1,31
1/7/2020,14:00,26,4,22
1/7/2020,15:00,44,3,41
1/7/2020,16:00,49,2,47
1/7/2020,17:00,48,2,46
1/7/2020,18:00,51,1,50
1/7/2020,19:00,60,0,60
1/7/2020,20:00,41,0,41
1/7/2020,21:00,8,0,8
1/7/2020,22:00,1,0,1
1/7/2020,23:00,0,0,0
2/7/2020,0:00,2,0,2
2/7/2020,1:00,0,0,0
2/7/2020,2:00,0,0,0
2/7/2020,3:00,0,0,0
2/7/2020,4:00,0,0,0
2/7/2020,5:00,7,1,6
2/7/2020,6:00,34,1,33
2/7/2020,7:00,13,2,11
2/7/2020,8:00,31,2,29
2/7/2020,9:00,42,2,40
2/7/2020,10:00,45,6,39
2/7/2020,11:00,44,8,36
2/7/2020,12:00,37,10,27
2/7/2020,13:00,40,7,33
2/7/2020,14:00,27,6,21
2/7/2020,15:00,54,9,45
2/7/2020,16:00,27,10,17
2/7/2020,17:00,43,3,40
2/7/2020,18:00,52,0,52
2/7/2020,19:00,62,1,61
2/7/2020,20:00,40,0,40
2/7/2020,21:00,3,0,3
2/7/2020,22:00,0,0,0
2/7/2020,23:00,0,0,0
3/7/2020,0:00,0,0,0
3/7/2020,1:00,0,0,0
3/7/2020,2:00,0,0,0
3/7/2020,3:00,0,0,0
3/7/2020,4:00,0,0,0
3/7/2020,5:00,6,0,6
3/7/2020,6:00,32,0,32
3/7/2020,7:00,47,0,47
3/7/2020,8:00,89,5,84
3/7/2020,9:00,76,7,69
3/7/2020,10:00,73,13,60
3/7/2020,11:00,82,12,70
3/7/2020,12:00,39,4,35
3/7/2020,13:00,43,2,41
3/7/2020,14:00,47,10,37
3/7/2020,15:00,29,9,20
3/7/2020,16:00,43,3,40
3/7/2020,17:00,32,4,28
3/7/2020,18:00,23,2,21
3/7/2020,19:00,42,0,42
3/7/2020,20:00,26,1,25
3/7/2020,21:00,2,0,2
3/7/2020,22:00,0,0,0
3/7/2020,23:00,0,0,0
4/7/2020,0:00,0,0,0
4/7/2020,1:00,0,0,0
4/7/2020,2:00,0,0,0
4/7/2020,3:00,0,0,0
4/7/2020,4:00,0,0,0
4/7/2020,5:00,5,0,5
4/7/2020,6:00,33,3,30
4/7/2020,7:00,48,3,45
4/7/2020,8:00,85,1,84
4/7/2020,9:00,70,1,69
4/7/2020,10:00,87,3,84
4/7/2020,11:00,73,10,63
4/7/2020,12:00,45,1,44
4/7/2020,13:00,30,3,27
4/7/2020,14:00,21,4,17
4/7/2020,15:00,31,1,30
4/7/2020,16:00,23,3,20
4/7/2020,17:00,26,4,22
4/7/2020,18:00,24,0,24
4/7/2020,19:00,17,0,17
4/7/2020,20:00,30,1,29
4/7/2020,21:00,2,0,2
4/7/2020,22:00,0,0,0
4/7/2020,23:00,1,0,1
5/7/2020,0:00,0,0,0
5/7/2020,1:00,0,0,0
5/7/2020,2:00,0,0,0
5/7/2020,3:00,0,0,0
5/7/2020,4:00,0,0,0
5/7/2020,5:00,3,0,3
5/7/2020,6:00,19,0,19
5/7/2020,7:00,44,0,44
5/7/2020,8:00,45,0,45
5/7/2020,9:00,76,1,75
5/7/2020,10:00,79,3,76
5/7/2020,11:00,47,0,47
5/7/2020,12:00,32,4,28
5/7/2020,13:00,59,3,56
5/7/2020,14:00,51,1,50
5/7/2020,15:00,39,0,39
5/7/2020,16:00,45,3,42
5/7/2020,17:00,37,2,35
5/7/2020,18:00,36,5,31
5/7/2020,19:00,49,0,49
5/7/2020,20:00,28,0,28
5/7/2020,21:00,8,0,8
5/7/2020,22:00,2,1,1
5/7/2020,23:00,0,0,0
6/7/2020,0:00,0,0,0
6/7/2020,1:00,0,0,0
6/7/2020,2:00,0,0,0
6/7/2020,3:00,0,0,0
6/7/2020,4:00,2,1,1
6/7/2020,5:00,13,0,13
6/7/2020,6:00,24,0,24
6/7/2020,7:00,19,0,19
6/7/2020,8:00,28,2,26
6/7/2020,9:00,30,3,27
6/7/2020,10:00,44,7,37
6/7/2020,11:00,45,6,39
6/7/2020,12:00,24,14,10
6/7/2020,13:00,27,6,21
6/7/2020,14:00,39,6,33
6/7/2020,15:00,18,5,13
6/7/2020,16:00,32,5,27
6/7/2020,17:00,42,3,39
6/7/2020,18:00,60,1,59
6/7/2020,19:00,65,0,65
6/7/2020,20:00,28,0,28
6/7/2020,21:00,7,0,7
6/7/2020,22:00,0,0,0
6/7/2020,23:00,1,0,1
7/7/2020,0:00,0,0,0
7/7/2020,1:00,0,0,0
7/7/2020,2:00,0,0,0
7/7/2020,3:00,0,0,0
7/7/2020,4:00,0,0,0
7/7/2020,5:00,11,1,10
7/7/2020,6:00,33,1,32
7/7/2020,7:00,25,3,22
7/7/2020,8:00,20,2,18
7/7/2020,9:00,34,7,27
7/7/2020,10:00,24,10,14
7/7/2020,11:00,32,7,25
7/7/2020,12:00,35,4,31
7/7/2020,13:00,17,1,16
7/7/2020,14:00,19,1,18
7/7/2020,15:00,19,1,18
7/7/2020,16:00,27,4,23
7/7/2020,17:00,49,1,48
7/7/2020,18:00,53,0,53
7/7/2020,19:00,46,1,45
7/7/2020,20:00,24,0,24
7/7/2020,21:00,7,0,7
7/7/2020,22:00,2,0,2
7/7/2020,23:00,1,0,1
8/7/2020,0:00,0,0,0
8/7/2020,1:00,0,0,0
8/7/2020,2:00,0,0,0
8/7/2020,3:00,0,0,0
8/7/2020,4:00,0,0,0
8/7/2020,5:00,5,2,3
8/7/2020,6:00,33,0,33
8/7/2020,7:00,53,6,47
8/7/2020,8:00,45,5,40
8/7/2020,9:00,57,9,48
8/7/2020,10:00,35,7,28
8/7/2020,11:00,37,10,27
8/7/2020,12:00,34,10,24
8/7/2020,13:00,47,12,35
8/7/2020,14:00,33,4,29
8/7/2020,15:00,13,6,7
8/7/2020,16:00,41,4,37
8/7/2020,17:00,38,1,37
8/7/2020,18:00,60,1,59
8/7/2020,19:00,57,0,57
8/7/2020,20:00,30,0,30
8/7/2020,21:00,7,0,7
8/7/2020,22:00,7,0,7
8/7/2020,23:00,1,0,1
9/7/2020,0:00,0,0,0
9/7/2020,1:00,0,0,0
9/7/2020,2:00,0,0,0
9/7/2020,3:00,0,0,0
9/7/2020,4:00,0,0,0
9/7/2020,5:00,12,0,12
9/7/2020,6:00,32,0,32
9/7/2020,7:00,37,1,36
9/7/2020,8:00,42,0,42
9/7/2020,9:00,56,2,54
9/7/2020,10:00,32,2,30
9/7/2020,11:00,24,11,13
9/7/2020,12:00,38,8,30
9/7/2020,13:00,34,6,28
9/7/2020,14:00,28,7,21
9/7/2020,15:00,33,1,32
9/7/2020,16:00,34,3,31
9/7/2020,17:00,46,1,45
9/7/2020,18:00,35,0,35
9/7/2020,19:00,49,1,48
9/7/2020,20:00,29,0,29
9/7/2020,21:00,5,0,5
9/7/2020,22:00,5,0,5
9/7/2020,23:00,1,0,1
10/7/2020,0:00,0,0,0
10/7/2020,1:00,0,0,0
10/7/2020,2:00,0,0,0
10/7/2020,3:00,0,0,0
10/7/2020,4:00,0,0,0
10/7/2020,5:00,6,0,6
10/7/2020,6:00,18,1,17
10/7/2020,7:00,33,1,32
10/7/2020,8:00,42,0,42
10/7/2020,9:00,48,2,46
10/7/2020,10:00,48,1,47
10/7/2020,11:00,40,4,36
10/7/2020,12:00,34,2,32
10/7/2020,13:00,39,0,39
10/7/2020,14:00,34,3,31
10/7/2020,15:00,22,4,18
10/7/2020,16:00,49,1,48
10/7/2020,17:00,26,2,24
10/7/2020,18:00,64,0,64
10/7/2020,19:00,52,0,52
10/7/2020,20:00,31,0,31
10/7/2020,21:00,3,0,3
10/7/2020,22:00,1,0,1
10/7/2020,23:00,2,0,2
11/7/2020,0:00,0,0,0
11/7/2020,1:00,0,0,0
11/7/2020,2:00,0,0,0
11/7/2020,3:00,1,0,1
11/7/2020,4:00,0,0,0
11/7/2020,5:00,7,0,7
11/7/2020,6:00,32,2,30
11/7/2020,7:00,58,0,58
11/7/2020,8:00,80,2,78
11/7/2020,9:00,92,3,89
11/7/2020,10:00,113,4,109
11/7/2020,11:00,66,6,60
11/7/2020,12:00,63,5,58
11/7/2020,13:00,48,2,46
11/7/2020,14:00,40,8,32
11/7/2020,15:00,41,12,29
11/7/2020,16:00,34,13,21
11/7/2020,17:00,9,0,9
11/7/2020,18:00,6,0,6
11/7/2020,19:00,32,0,32
11/7/2020,20:00,14,0,14
11/7/2020,21:00,0,0,0
11/7/2020,22:00,0,0,0
11/7/2020,23:00,0,0,0
12/7/2020,0:00,0,0,0
12/7/2020,1:00,0,0,0
12/7/2020,2:00,0,0,0
12/7/2020,3:00,0,0,0
12/7/2020,4:00,0,0,0
12/7/2020,5:00,5,1,4
12/7/2020,6:00,8,0,8
12/7/2020,7:00,39,0,39
12/7/2020,8:00,68,3,65
12/7/2020,9:00,93,0,93
12/7/2020,10:00,123,1,122
12/7/2020,11:00,95,1,94
12/7/2020,12:00,90,2,88
12/7/2020,13:00,90,1,89
12/7/2020,14:00,72,1,71
12/7/2020,15:00,68,1,67
12/7/2020,16:00,80,1,79
12/7/2020,17:00,61,1,60
12/7/2020,18:00,61,2,59
12/7/2020,19:00,70,0,70
12/7/2020,20:00,40,0,40
12/7/2020,21:00,0,0,0
12/7/2020,22:00,0,0,0
12/7/2020,23:00,0,0,0
13/07/2020,0:00,0,0,0
13/07/2020,1:00,0,0,0
13/07/2020,2:00,0,0,0
13/07/2020,3:00,0,0,0
13/07/2020,4:00,1,1,0
13/07/2020,5:00,8,1,7
13/07/2020,6:00,21,0,21
13/07/2020,7:00,41,1,40
13/07/2020,8:00,35,2,33
13/07/2020,9:00,52,6,46
13/07/2020,10:00,47,1,46
13/07/2020,11:00,36,5,31
13/07/2020,12:00,50,6,44
13/07/2020,13:00,59,2,57
13/07/2020,14:00,53,2,51
13/07/2020,15:00,52,5,47
13/07/2020,16:00,52,7,45
13/07/2020,17:00,50,1,49
13/07/2020,18:00,54,1,53
13/07/2020,19:00,53,0,53
13/07/2020,20:00,28,1,27
13/07/2020,21:00,6,0,6
13/07/2020,22:00,0,0,0
13/07/2020,23:00,1,0,1
14/07/2020,0:00,0,0,0
14/07/2020,1:00,0,0,0
14/07/2020,2:00,0,0,0
14/07/2020,3:00,0,0,0
14/07/2020,4:00,0,0,0
14/07/2020,5:00,13,2,11
14/07/2020,6:00,32,7,25
14/07/2020,7:00,34,2,32
14/07/2020,8:00,44,1,43
14/07/2020,9:00,31,1,30
14/07/2020,10:00,42,3,39
14/07/2020,11:00,44,3,41
14/07/2020,12:00,32,5,27
14/07/2020,13:00,39,7,32
14/07/2020,14:00,47,7,40
14/07/2020,15:00,32,2,30
14/07/2020,16:00,50,4,46
14/07/2020,17:00,81,0,81
14/07/2020,18:00,81,1,80
14/07/2020,19:00,84,1,83
14/07/2020,20:00,52,0,52
14/07/2020,21:00,3,0,3
14/07/2020,22:00,2,0,2
14/07/2020,23:00,2,0,2
15/07/2020,0:00,0,0,0
15/07/2020,1:00,0,0,0
15/07/2020,2:00,0,0,0
15/07/2020,3:00,0,0,0
15/07/2020,4:00,0,0,0
15/07/2020,5:00,8,0,8
15/07/2020,6:00,42,0,42
15/07/2020,7:00,35,0,35
15/07/2020,8:00,49,2,47
15/07/2020,9:00,39,1,38
15/07/2020,10:00,43,1,42
15/07/2020,11:00,56,3,53
15/07/2020,12:00,36,1,35
15/07/2020,13:00,13,0,13
15/07/2020,14:00,15,0,15
15/07/2020,15:00,11,1,10
15/07/2020,16:00,15,0,15
15/07/2020,17:00,7,1,6
15/07/2020,18:00,2,0,2
15/07/2020,19:00,0,0,0
15/07/2020,20:00,0,0,0
15/07/2020,21:00,0,0,0
15/07/2020,22:00,0,0,0
15/07/2020,23:00,1,0,1
16/07/2020,0:00,0,0,0
16/07/2020,1:00,0,0,0
16/07/2020,2:00,0,0,0
16/07/2020,3:00,0,0,0
16/07/2020,4:00,0,0,0
16/07/2020,5:00,7,0,7
16/07/2020,6:00,24,1,23
16/07/2020,7:00,33,3,30
16/07/2020,8:00,30,4,26
16/07/2020,9:00,55,5,50
16/07/2020,10:00,53,7,46
16/07/2020,11:00,50,11,39
16/07/2020,12:00,66,11,55
16/07/2020,13:00,45,11,34
16/07/2020,14:00,70,8,62
16/07/2020,15:00,37,6,31
16/07/2020,16:00,54,8,46
16/07/2020,17:00,81,7,74
16/07/2020,18:00,66,1,65
16/07/2020,19:00,83,2,81
16/07/2020,20:00,38,0,38
16/07/2020,21:00,0,0,0
16/07/2020,22:00,0,0,0
16/07/2020,23:00,0,0,0
17/07/2020,0:00,4,2,2
17/07/2020,1:00,0,0,0
17/07/2020,2:00,1,0,1
17/07/2020,3:00,0,0,0
17/07/2020,4:00,0,0,0
17/07/2020,5:00,8,1,7
17/07/2020,6:00,33,3,30
17/07/2020,7:00,39,2,37
17/07/2020,8:00,48,6,42
17/07/2020,9:00,42,11,31
17/07/2020,10:00,55,14,41
17/07/2020,11:00,73,18,55
17/07/2020,12:00,47,14,33
17/07/2020,13:00,51,12,39
17/07/2020,14:00,54,19,35
17/07/2020,15:00,58,11,47
17/07/2020,16:00,66,27,39
17/07/2020,17:00,30,5,25
17/07/2020,18:00,50,6,44
17/07/2020,19:00,50,0,50
17/07/2020,20:00,38,1,37
17/07/2020,21:00,4,0,4
17/07/2020,22:00,0,0,0
17/07/2020,23:00,0,0,0
18/07/2020,0:00,1,0,1
18/07/2020,1:00,0,0,0
18/07/2020,2:00,1,0,1
18/07/2020,3:00,0,0,0
18/07/2020,4:00,0,0,0
18/07/2020,5:00,3,0,3
18/07/2020,6:00,34,0,34
18/07/2020,7:00,59,3,56
18/07/2020,8:00,115,1,114
18/07/2020,9:00,101,3,98
18/07/2020,10:00,89,10,79
18/07/2020,11:00,59,10,49
18/07/2020,12:00,37,8,29
18/07/2020,13:00,47,18,29
18/07/2020,14:00,28,9,19
18/07/2020,15:00,27,4,23
18/07/2020,16:00,12,1,11
18/07/2020,17:00,31,2,29
18/07/2020,18:00,24,0,24
18/07/2020,19:00,34,0,34
18/07/2020,20:00,22,1,21
18/07/2020,21:00,6,0,6
18/07/2020,22:00,2,0,2
18/07/2020,23:00,0,0,0
19/07/2020,0:00,0,0,0
19/07/2020,1:00,0,0,0
19/07/2020,2:00,0,0,0
19/07/2020,3:00,0,0,0
19/07/2020,4:00,0,0,0
19/07/2020,5:00,1,0,1
19/07/2020,6:00,22,0,22
19/07/2020,7:00,29,0,29
19/07/2020,8:00,19,0,19
19/07/2020,9:00,30,0,30
19/07/2020,10:00,37,0,37
19/07/2020,11:00,29,0,29
19/07/2020,12:00,9,0,9
19/07/2020,13:00,47,1,46
19/07/2020,14:00,69,1,68
19/07/2020,15:00,70,3,67
19/07/2020,16:00,73,7,66
19/07/2020,17:00,55,8,47
19/07/2020,18:00,60,4,56
19/07/2020,19:00,65,3,62
19/07/2020,20:00,45,0,45
19/07/2020,21:00,2,0,2
19/07/2020,22:00,3,0,3
19/07/2020,23:00,0,0,0
20/07/2020,0:00,0,0,0
20/07/2020,1:00,0,0,0
20/07/2020,2:00,0,0,0
20/07/2020,3:00,0,0,0
20/07/2020,4:00,1,1,0
20/07/2020,5:00,10,1,9
20/07/2020,6:00,26,3,23
20/07/2020,7:00,47,10,37
20/07/2020,8:00,46,10,36
20/07/2020,9:00,41,5,36
20/07/2020,10:00,42,13,29
20/07/2020,11:00,60,23,37
20/07/2020,12:00,47,16,31
20/07/2020,13:00,50,13,37
20/07/2020,14:00,34,10,24
20/07/2020,15:00,56,14,42
20/07/2020,16:00,62,11,51
20/07/2020,17:00,66,6,60
20/07/2020,18:00,58,3,55
20/07/2020,19:00,56,3,53
20/07/2020,20:00,32,1,31
20/07/2020,21:00,4,0,4
20/07/2020,22:00,0,0,0
20/07/2020,23:00,0,0,0
21/07/2020,0:00,0,0,0
21/07/2020,1:00,0,0,0
21/07/2020,2:00,0,0,0
21/07/2020,3:00,0,0,0
21/07/2020,4:00,0,0,0
21/07/2020,5:00,7,0,7
21/07/2020,6:00,22,3,19
21/07/2020,7:00,23,4,19
21/07/2020,8:00,41,3,38
21/07/2020,9:00,20,1,19
21/07/2020,10:00,12,1,11
21/07/2020,11:00,8,1,7
21/07/2020,12:00,10,0,10
21/07/2020,13:00,18,2,16
21/07/2020,14:00,42,8,34
21/07/2020,15:00,56,9,47
21/07/2020,16:00,37,1,36
21/07/2020,17:00,7,0,7
21/07/2020,18:00,1,0,1
21/07/2020,19:00,1,0,1
21/07/2020,20:00,3,0,3
21/07/2020,21:00,0,0,0
21/07/2020,22:00,1,1,0
21/07/2020,23:00,3,0,3
22/07/2020,0:00,0,0,0
22/07/2020,1:00,0,0,0
22/07/2020,2:00,0,0,0
22/07/2020,3:00,0,0,0
22/07/2020,4:00,0,0,0
22/07/2020,5:00,5,0,5
22/07/2020,6:00,25,1,24
22/07/2020,7:00,29,7,22
22/07/2020,8:00,28,2,26
22/07/2020,9:00,62,5,57
22/07/2020,10:00,49,10,39
22/07/2020,11:00,56,11,45
22/07/2020,12:00,68,23,45
22/07/2020,13:00,67,10,57
22/07/2020,14:00,51,12,39
22/07/2020,15:00,45,13,32
22/07/2020,16:00,42,8,34
22/07/2020,17:00,74,14,60
22/07/2020,18:00,70,11,59
22/07/2020,19:00,83,4,79
22/07/2020,20:00,55,0,55
22/07/2020,21:00,4,0,4
22/07/2020,22:00,2,2,0
22/07/2020,23:00,0,0,0
23/07/2020,0:00,0,0,0
23/07/2020,1:00,0,0,0
23/07/2020,2:00,0,0,0
23/07/2020,3:00,0,0,0
23/07/2020,4:00,0,0,0
23/07/2020,5:00,16,5,11
23/07/2020,6:00,44,7,37
23/07/2020,7:00,40,11,29
23/07/2020,8:00,41,11,30
23/07/2020,9:00,60,9,51
23/07/2020,10:00,80,24,56
23/07/2020,11:00,49,16,33
23/07/2020,12:00,53,26,27
23/07/2020,13:00,44,18,26
23/07/2020,14:00,54,20,34
23/07/2020,15:00,56,26,30
23/07/2020,16:00,45,18,27
23/07/2020,17:00,77,16,61
23/07/2020,18:00,72,6,66
23/07/2020,19:00,73,2,71
23/07/2020,20:00,52,0,52
23/07/2020,21:00,3,2,1
23/07/2020,22:00,1,0,1
23/07/2020,23:00,1,0,1
24/07/2020,0:00,1,1,0
24/07/2020,1:00,1,1,0
24/07/2020,2:00,0,0,0
24/07/2020,3:00,0,0,0
24/07/2020,4:00,0,0,0
24/07/2020,5:00,11,6,5
24/07/2020,6:00,40,5,35
24/07/2020,7:00,57,6,51
24/07/2020,8:00,67,16,51
24/07/2020,9:00,65,17,48
24/07/2020,10:00,60,17,43
24/07/2020,11:00,67,29,38
24/07/2020,12:00,86,39,47
24/07/2020,13:00,62,39,23
24/07/2020,14:00,75,34,41
24/07/2020,15:00,80,28,52
24/07/2020,16:00,68,32,36
24/07/2020,17:00,77,25,52
24/07/2020,18:00,50,9,41
24/07/2020,19:00,52,4,48
24/07/2020,20:00,23,2,21
24/07/2020,21:00,9,0,9
24/07/2020,22:00,0,0,0
24/07/2020,23:00,0,0,0
25/07/2020,0:00,0,0,0
25/07/2020,1:00,0,0,0
25/07/2020,2:00,0,0,0
25/07/2020,3:00,1,0,1
25/07/2020,4:00,0,0,0
25/07/2020,5:00,5,1,4
25/07/2020,6:00,38,4,34
25/07/2020,7:00,49,5,44
25/07/2020,8:00,81,6,75
25/07/2020,9:00,98,17,81
25/07/2020,10:00,129,24,105
25/07/2020,11:00,99,27,72
25/07/2020,12:00,70,30,40
25/07/2020,13:00,60,20,40
25/07/2020,14:00,56,19,37
25/07/2020,15:00,55,22,33
25/07/2020,16:00,31,12,19
25/07/2020,17:00,37,6,31
25/07/2020,18:00,45,4,41
25/07/2020,19:00,30,1,29
25/07/2020,20:00,28,0,28
25/07/2020,21:00,8,0,8
25/07/2020,22:00,2,0,2
25/07/2020,23:00,0,0,0
26/07/2020,0:00,0,0,0
26/07/2020,1:00,0,0,0
26/07/2020,2:00,0,0,0
26/07/2020,3:00,0,0,0
26/07/2020,4:00,0,0,0
26/07/2020,5:00,2,0,2
26/07/2020,6:00,19,0,19
26/07/2020,7:00,36,0,36
26/07/2020,8:00,60,4,56
26/07/2020,9:00,73,6,67
26/07/2020,10:00,71,7,64
26/07/2020,11:00,80,16,64
26/07/2020,12:00,68,13,55
26/07/2020,13:00,65,18,47
26/07/2020,14:00,45,23,22
26/07/2020,15:00,41,13,28
26/07/2020,16:00,36,16,20
26/07/2020,17:00,21,7,14
26/07/2020,18:00,31,7,24
26/07/2020,19:00,47,0,47
26/07/2020,20:00,32,1,31
26/07/2020,21:00,0,0,0
26/07/2020,22:00,0,0,0
26/07/2020,23:00,0,0,0
27/07/2020,0:00,0,0,0
27/07/2020,1:00,0,0,0
27/07/2020,2:00,0,0,0
27/07/2020,3:00,0,0,0
27/07/2020,4:00,1,1,0
27/07/2020,5:00,4,0,4
27/07/2020,6:00,21,1,20
27/07/2020,7:00,28,6,22
27/07/2020,8:00,33,5,28
27/07/2020,9:00,32,8,24
27/07/2020,10:00,25,7,18
27/07/2020,11:00,6,2,4
27/07/2020,12:00,0,0,0
27/07/2020,13:00,5,0,5
27/07/2020,14:00,9,0,9
27/07/2020,15:00,10,1,9
27/07/2020,16:00,44,5,39
27/07/2020,17:00,64,2,62
27/07/2020,18:00,64,1,63
27/07/2020,19:00,83,5,78
27/07/2020,20:00,27,2,25
27/07/2020,21:00,1,0,1
27/07/2020,22:00,5,0,5
27/07/2020,23:00,0,0,0
28/07/2020,0:00,0,0,0
28/07/2020,1:00,0,0,0
28/07/2020,2:00,0,0,0
28/07/2020,3:00,0,0,0
28/07/2020,4:00,0,0,0
28/07/2020,5:00,15,5,10
28/07/2020,6:00,32,5,27
28/07/2020,7:00,44,5,39
28/07/2020,8:00,52,15,37
28/07/2020,9:00,67,14,53
28/07/2020,10:00,63,23,40
28/07/2020,11:00,53,23,30
28/07/2020,12:00,81,49,32
28/07/2020,13:00,75,23,52
28/07/2020,14:00,63,28,35
28/07/2020,15:00,70,32,38
28/07/2020,16:00,68,27,41
28/07/2020,17:00,106,30,76
28/07/2020,18:00,64,9,55
28/07/2020,19:00,70,2,68
28/07/2020,20:00,40,1,39
28/07/2020,21:00,1,0,1
28/07/2020,22:00,1,1,0
28/07/2020,23:00,1,0,1
29/07/2020,0:00,0,0,0
29/07/2020,1:00,0,0,0
29/07/2020,2:00,0,0,0
29/07/2020,3:00,0,0,0
29/07/2020,4:00,0,0,0
29/07/2020,5:00,11,3,8
29/07/2020,6:00,44,2,42
29/07/2020,7:00,36,8,28
29/07/2020,8:00,47,13,34
29/07/2020,9:00,58,16,42
29/07/2020,10:00,48,13,35
29/07/2020,11:00,66,21,45
29/07/2020,12:00,62,25,37
29/07/2020,13:00,44,15,29
29/07/2020,14:00,59,23,36
29/07/2020,15:00,52,30,22
29/07/2020,16:00,69,30,39
29/07/2020,17:00,87,15,72
29/07/2020,18:00,52,5,47
29/07/2020,19:00,53,1,52
29/07/2020,20:00,29,3,26
29/07/2020,21:00,4,0,4
29/07/2020,22:00,0,0,0
29/07/2020,23:00,0,0,0
30/07/2020,0:00,0,0,0
30/07/2020,1:00,0,0,0
30/07/2020,2:00,0,0,0
30/07/2020,3:00,0,0,0
30/07/2020,4:00,2,0,2
30/07/2020,5:00,5,0,5
30/07/2020,6:00,35,2,33
30/07/2020,7:00,19,1,18
30/07/2020,8:00,9,1,8
30/07/2020,9:00,1,0,1
30/07/2020,10:00,1,1,0
30/07/2020,11:00,8,1,7
30/07/2020,12:00,7,1,6
30/07/2020,13:00,12,0,12
30/07/2020,14:00,3,1,2
30/07/2020,15:00,8,0,8
30/07/2020,16:00,27,1,26
30/07/2020,17:00,28,3,25
30/07/2020,18:00,40,0,40
30/07/2020,19:00,28,0,28
30/07/2020,20:00,2,0,2
30/07/2020,21:00,0,0,0
30/07/2020,22:00,1,1,0
30/07/2020,23:00,0,0,0
31/07/2020,0:00,0,0,0
31/07/2020,1:00,0,0,0
31/07/2020,2:00,0,0,0
31/07/2020,3:00,0,0,0
31/07/2020,4:00,0,0,0
31/07/2020,5:00,12,4,8
31/07/2020,6:00,33,4,29
31/07/2020,7:00,32,3,29
31/07/2020,8:00,37,8,29
31/07/2020,9:00,48,8,40
31/07/2020,10:00,50,7,43
31/07/2020,11:00,42,10,32
31/07/2020,12:00,30,3,27
31/07/2020,13:00,34,3,31
31/07/2020,14:00,48,2,46
31/07/2020,15:00,41,5,36
31/07/2020,16:00,53,4,49
31/07/2020,17:00,53,7,46
31/07/2020,18:00,55,0,55
31/07/2020,19:00,39,2,37
31/07/2020,20:00,8,0,8
31/07/2020,21:00,0,0,0
31/07/2020,22:00,0,0,0
31/07/2020,23:00,0,0,0
1/8/2020,0:00,0,0,0
1/8/2020,1:00,0,0,0
1/8/2020,2:00,0,0,0
1/8/2020,3:00,0,0,0
1/8/2020,4:00,0,0,0
1/8/2020,5:00,0,0,0
1/8/2020,6:00,3,0,3
1/8/2020,7:00,2,0,2
1/8/2020,8:00,8,1,7
1/8/2020,9:00,31,1,30
1/8/2020,10:00,56,3,53
1/8/2020,11:00,85,6,79
1/8/2020,12:00,62,3,59
1/8/2020,13:00,65,2,63
1/8/2020,14:00,52,3,49
1/8/2020,15:00,67,4,63
1/8/2020,16:00,59,4,55
1/8/2020,17:00,36,0,36
1/8/2020,18:00,26,0,26
1/8/2020,19:00,7,1,6
1/8/2020,20:00,4,0,4
1/8/2020,21:00,4,0,4
1/8/2020,22:00,0,0,0
1/8/2020,23:00,0,0,0
2/8/2020,0:00,0,0,0
2/8/2020,1:00,0,0,0
2/8/2020,2:00,0,0,0
2/8/2020,3:00,0,0,0
2/8/2020,4:00,0,0,0
2/8/2020,5:00,2,1,1
2/8/2020,6:00,18,2,16
2/8/2020,7:00,42,7,35
2/8/2020,8:00,67,5,62
2/8/2020,9:00,86,7,79
2/8/2020,10:00,120,10,110
2/8/2020,11:00,148,12,136
2/8/2020,12:00,87,12,75
2/8/2020,13:00,122,11,111
2/8/2020,14:00,98,11,87
2/8/2020,15:00,76,16,60
2/8/2020,16:00,93,6,87
2/8/2020,17:00,51,3,48
2/8/2020,18:00,16,0,16
2/8/2020,19:00,26,4,22
2/8/2020,20:00,17,1,16
2/8/2020,21:00,2,0,2
2/8/2020,22:00,0,0,0
2/8/2020,23:00,0,0,0
3/8/2020,0:00,0,0,0
3/8/2020,1:00,0,0,0
3/8/2020,2:00,0,0,0
3/8/2020,3:00,0,0,0
3/8/2020,4:00,0,0,0
3/8/2020,5:00,5,0,5
3/8/2020,6:00,27,1,26
3/8/2020,7:00,30,9,21
3/8/2020,8:00,28,3,25
3/8/2020,9:00,42,8,34
3/8/2020,10:00,38,6,32
3/8/2020,11:00,28,4,24
3/8/2020,12:00,38,4,34
3/8/2020,13:00,38,4,34
3/8/2020,14:00,53,5,48
3/8/2020,15:00,65,11,54
3/8/2020,16:00,70,3,67
3/8/2020,17:00,73,5,68
3/8/2020,18:00,81,1,80
3/8/2020,19:00,73,3,70
3/8/2020,20:00,15,1,14
3/8/2020,21:00,2,2,0
3/8/2020,22:00,0,0,0
3/8/2020,23:00,0,0,0
4/8/2020,0:00,0,0,0
4/8/2020,1:00,0,0,0
4/8/2020,2:00,0,0,0
4/8/2020,3:00,2,0,2
4/8/2020,4:00,0,0,0
4/8/2020,5:00,8,1,7
4/8/2020,6:00,41,6,35
4/8/2020,7:00,30,7,23
4/8/2020,8:00,32,10,22
4/8/2020,9:00,41,9,32
4/8/2020,10:00,38,8,30
4/8/2020,11:00,57,13,44
4/8/2020,12:00,60,19,41
4/8/2020,13:00,64,9,55
4/8/2020,14:00,75,10,65
4/8/2020,15:00,41,5,36
4/8/2020,16:00,102,9,93
4/8/2020,17:00,82,13,69
4/8/2020,18:00,92,5,87
4/8/2020,19:00,98,11,87
4/8/2020,20:00,33,9,24
4/8/2020,21:00,1,0,1
4/8/2020,22:00,2,1,1
4/8/2020,23:00,0,0,0
5/8/2020,0:00,0,0,0
5/8/2020,1:00,0,0,0
5/8/2020,2:00,0,0,0
5/8/2020,3:00,0,0,0
5/8/2020,4:00,0,0,0
5/8/2020,5:00,11,6,5
5/8/2020,6:00,43,10,33
5/8/2020,7:00,22,6,16
5/8/2020,8:00,39,13,26
5/8/2020,9:00,56,20,36
5/8/2020,10:00,91,28,63
5/8/2020,11:00,67,14,53
5/8/2020,12:00,71,12,59
5/8/2020,13:00,46,10,36
5/8/2020,14:00,71,19,52
5/8/2020,15:00,67,13,54
5/8/2020,16:00,49,5,44
5/8/2020,17:00,100,19,81
5/8/2020,18:00,97,10,87
5/8/2020,19:00,63,7,56
5/8/2020,20:00,10,0,10
5/8/2020,21:00,4,0,4
5/8/2020,22:00,3,1,2
5/8/2020,23:00,2,0,2
6/8/2020,0:00,1,1,0
6/8/2020,1:00,0,0,0
6/8/2020,2:00,0,0,0
6/8/2020,3:00,0,0,0
6/8/2020,4:00,0,0,0
6/8/2020,5:00,13,8,5
6/8/2020,6:00,44,15,29
6/8/2020,7:00,33,7,26
6/8/2020,8:00,49,13,36
6/8/2020,9:00,72,19,53
6/8/2020,10:00,61,22,39
6/8/2020,11:00,87,30,57
6/8/2020,12:00,52,23,29
6/8/2020,13:00,68,14,54
6/8/2020,14:00,79,27,52
6/8/2020,15:00,65,17,48
6/8/2020,16:00,62,17,45
6/8/2020,17:00,73,21,52
6/8/2020,18:00,100,14,86
6/8/2020,19:00,94,11,83
6/8/2020,20:00,19,1,18
6/8/2020,21:00,4,1,3
6/8/2020,22:00,0,0,0
6/8/2020,23:00,0,0,0
7/8/2020,0:00,2,0,2
7/8/2020,1:00,0,0,0
7/8/2020,2:00,0,0,0
7/8/2020,3:00,1,1,0
7/8/2020,4:00,0,0,0
7/8/2020,5:00,7,3,4
7/8/2020,6:00,27,6,21
7/8/2020,7:00,48,6,42
7/8/2020,8:00,37,10,27
7/8/2020,9:00,74,12,62
7/8/2020,10:00,68,24,44
7/8/2020,11:00,76,18,58
7/8/2020,12:00,61,10,51
7/8/2020,13:00,58,22,36
7/8/2020,14:00,70,23,47
7/8/2020,15:00,62,14,48
7/8/2020,16:00,78,6,72
7/8/2020,17:00,70,12,58
7/8/2020,18:00,72,8,64
7/8/2020,19:00,70,5,65
7/8/2020,20:00,26,2,24
7/8/2020,21:00,0,0,0
7/8/2020,22:00,0,0,0
7/8/2020,23:00,1,1,0
8/8/2020,0:00,0,0,0
8/8/2020,1:00,0,0,0
8/8/2020,2:00,0,0,0
8/8/2020,3:00,0,0,0
8/8/2020,4:00,0,0,0
8/8/2020,5:00,2,2,0
8/8/2020,6:00,35,5,30
8/8/2020,7:00,44,8,36
8/8/2020,8:00,67,5,62
8/8/2020,9:00,91,8,83
8/8/2020,10:00,110,8,102
8/8/2020,11:00,71,17,54
8/8/2020,12:00,63,12,51
8/8/2020,13:00,53,8,45
8/8/2020,14:00,64,6,58
8/8/2020,15:00,56,3,53
8/8/2020,16:00,38,2,36
8/8/2020,17:00,36,1,35
8/8/2020,18:00,44,1,43
8/8/2020,19:00,26,1,25
8/8/2020,20:00,17,2,15
8/8/2020,21:00,1,0,1
8/8/2020,22:00,0,0,0
8/8/2020,23:00,1,1,0
9/8/2020,0:00,1,1,0
9/8/2020,1:00,0,0,0
9/8/2020,2:00,0,0,0
9/8/2020,3:00,0,0,0
9/8/2020,4:00,0,0,0
9/8/2020,5:00,1,0,1
9/8/2020,6:00,27,1,26
9/8/2020,7:00,57,3,54
9/8/2020,8:00,48,1,47
9/8/2020,9:00,109,7,102
9/8/2020,10:00,79,9,70
9/8/2020,11:00,85,13,72
9/8/2020,12:00,51,7,44
9/8/2020,13:00,80,5,75
9/8/2020,14:00,59,4,55
9/8/2020,15:00,82,6,76
9/8/2020,16:00,50,4,46
9/8/2020,17:00,60,1,59
9/8/2020,18:00,41,0,41
9/8/2020,19:00,36,0,36
9/8/2020,20:00,6,0,6
9/8/2020,21:00,2,1,1
9/8/2020,22:00,0,0,0
9/8/2020,23:00,3,1,2
10/8/2020,0:00,0,0,0
10/8/2020,1:00,2,0,2
10/8/2020,2:00,0,0,0
10/8/2020,3:00,0,0,0
10/8/2020,4:00,1,1,0
10/8/2020,5:00,3,0,3
10/8/2020,6:00,25,0,25
10/8/2020,7:00,32,3,29
10/8/2020,8:00,27,2,25
10/8/2020,9:00,60,14,46
10/8/2020,10:00,51,27,24
10/8/2020,11:00,43,19,24
10/8/2020,12:00,50,15,35
10/8/2020,13:00,42,17,25
10/8/2020,14:00,31,21,10
10/8/2020,15:00,15,8,7
10/8/2020,16:00,1,1,0
10/8/2020,17:00,1,1,0
10/8/2020,18:00,0,0,0
10/8/2020,19:00,1,0,1
10/8/2020,20:00,13,0,13
10/8/2020,21:00,0,0,0
10/8/2020,22:00,0,0,0
10/8/2020,23:00,0,0,0
11/8/2020,0:00,0,0,0
11/8/2020,1:00,0,0,0
11/8/2020,2:00,0,0,0
11/8/2020,3:00,0,0,0
11/8/2020,4:00,0,0,0
11/8/2020,5:00,6,1,5
11/8/2020,6:00,19,2,17
11/8/2020,7:00,32,5,27
11/8/2020,8:00,39,6,33
11/8/2020,9:00,49,6,43
11/8/2020,10:00,40,15,25
11/8/2020,11:00,52,10,42
11/8/2020,12:00,44,15,29
11/8/2020,13:00,49,12,37
11/8/2020,14:00,64,24,40
11/8/2020,15:00,75,14,61
11/8/2020,16:00,73,14,59
11/8/2020,17:00,84,4,80
11/8/2020,18:00,90,4,86
11/8/2020,19:00,99,2,97
11/8/2020,20:00,26,1,25
11/8/2020,21:00,7,0,7
11/8/2020,22:00,0,0,0
11/8/2020,23:00,1,0,1
12/8/2020,0:00,0,0,0
12/8/2020,1:00,1,0,1
12/8/2020,2:00,6,0,6
12/8/2020,3:00,0,0,0
12/8/2020,4:00,0,0,0
12/8/2020,5:00,10,3,7
12/8/2020,6:00,35,4,31
12/8/2020,7:00,44,5,39
12/8/2020,8:00,61,21,40
12/8/2020,9:00,51,13,38
12/8/2020,10:00,87,32,55
12/8/2020,11:00,62,23,39
12/8/2020,12:00,46,23,23
12/8/2020,13:00,50,23,27
12/8/2020,14:00,61,31,30
12/8/2020,15:00,65,29,36
12/8/2020,16:00,62,32,30
12/8/2020,17:00,90,13,77
12/8/2020,18:00,75,3,72
12/8/2020,19:00,49,4,45
12/8/2020,20:00,24,0,24
12/8/2020,21:00,0,0,0
12/8/2020,22:00,0,0,0
12/8/2020,23:00,0,0,0
13/08/2020,0:00,0,0,0
13/08/2020,1:00,0,0,0
13/08/2020,2:00,1,1,0
13/08/2020,3:00,0,0,0
13/08/2020,4:00,0,0,0
13/08/2020,5:00,10,4,6
13/08/2020,6:00,34,4,30
13/08/2020,7:00,34,4,30
13/08/2020,8:00,36,7,29
13/08/2020,9:00,54,11,43
13/08/2020,10:00,55,18,37
13/08/2020,11:00,41,16,25
13/08/2020,12:00,48,18,30
13/08/2020,13:00,53,15,38
13/08/2020,14:00,59,23,36
13/08/2020,15:00,50,17,33
13/08/2020,16:00,73,16,57
13/08/2020,17:00,63,8,55
13/08/2020,18:00,67,11,56
13/08/2020,19:00,71,3,68
13/08/2020,20:00,24,1,23
13/08/2020,21:00,1,1,0
13/08/2020,22:00,0,0,0
13/08/2020,23:00,0,0,0
14/08/2020,0:00,0,0,0
14/08/2020,1:00,0,0,0
14/08/2020,2:00,0,0,0
14/08/2020,3:00,0,0,0
14/08/2020,4:00,0,0,0
14/08/2020,5:00,3,2,1
14/08/2020,6:00,25,5,20
14/08/2020,7:00,28,4,24
14/08/2020,8:00,57,9,48
14/08/2020,9:00,75,13,62
14/08/2020,10:00,73,27,46
14/08/2020,11:00,48,24,24
14/08/2020,12:00,58,19,39
14/08/2020,13:00,44,11,33
14/08/2020,14:00,56,24,32
14/08/2020,15:00,54,19,35
14/08/2020,16:00,41,14,27
14/08/2020,17:00,62,15,47
14/08/2020,18:00,39,2,37
14/08/2020,19:00,59,2,57
14/08/2020,20:00,33,1,32
14/08/2020,21:00,0,0,0
14/08/2020,22:00,0,0,0
14/08/2020,23:00,1,1,0
15/08/2020,0:00,0,0,0
15/08/2020,1:00,0,0,0
15/08/2020,2:00,0,0,0
15/08/2020,3:00,0,0,0
15/08/2020,4:00,0,0,0
15/08/2020,5:00,10,2,8
15/08/2020,6:00,24,6,18
15/08/2020,7:00,55,3,52
15/08/2020,8:00,72,6,66
15/08/2020,9:00,104,18,86
15/08/2020,10:00,71,11,60
15/08/2020,11:00,116,31,85
15/08/2020,12:00,93,23,70
15/08/2020,13:00,80,24,56
15/08/2020,14:00,52,9,43
15/08/2020,15:00,54,6,48
15/08/2020,16:00,48,3,45
15/08/2020,17:00,30,1,29
15/08/2020,18:00,28,0,28
15/08/2020,19:00,7,0,7
15/08/2020,20:00,5,0,5
15/08/2020,21:00,0,0,0
15/08/2020,22:00,0,0,0
15/08/2020,23:00,0,0,0
16/08/2020,0:00,0,0,0
16/08/2020,1:00,0,0,0
16/08/2020,2:00,0,0,0
16/08/2020,3:00,0,0,0
16/08/2020,4:00,0,0,0
16/08/2020,5:00,4,1,3
16/08/2020,6:00,16,3,13
16/08/2020,7:00,24,12,12
16/08/2020,8:00,79,9,70
16/08/2020,9:00,83,13,70
16/08/2020,10:00,119,7,112
16/08/2020,11:00,90,9,81
16/08/2020,12:00,99,17,82
16/08/2020,13:00,87,20,67
16/08/2020,14:00,98,17,81
16/08/2020,15:00,111,32,79
16/08/2020,16:00,118,55,63
16/08/2020,17:00,114,46,68
16/08/2020,18:00,71,5,66
16/08/2020,19:00,59,0,59
16/08/2020,20:00,6,0,6
16/08/2020,21:00,1,0,1
16/08/2020,22:00,0,0,0
16/08/2020,23:00,0,0,0
17/08/2020,0:00,0,0,0
17/08/2020,1:00,0,0,0
17/08/2020,2:00,0,0,0
17/08/2020,3:00,0,0,0
17/08/2020,4:00,0,0,0
17/08/2020,5:00,9,0,9
17/08/2020,6:00,27,6,21
17/08/2020,7:00,35,8,27
17/08/2020,8:00,36,8,28
17/08/2020,9:00,58,14,44
17/08/2020,10:00,68,17,51
17/08/2020,11:00,57,16,41
17/08/2020,12:00,41,21,20
17/08/2020,13:00,36,8,28
17/08/2020,14:00,68,20,48
17/08/2020,15:00,65,24,41
17/08/2020,16:00,71,30,41
17/08/2020,17:00,65,15,50
17/08/2020,18:00,74,3,71
17/08/2020,19:00,30,0,30
17/08/2020,20:00,2,0,2
17/08/2020,21:00,0,0,0
17/08/2020,22:00,0,0,0
17/08/2020,23:00,0,0,0
18/08/2020,0:00,0,0,0
18/08/2020,1:00,0,0,0
18/08/2020,2:00,0,0,0
18/08/2020,3:00,0,0,0
18/08/2020,4:00,0,0,0
18/08/2020,5:00,9,2,7
18/08/2020,6:00,33,6,27
18/08/2020,7:00,32,4,28
18/08/2020,8:00,40,8,32
18/08/2020,9:00,39,9,30
18/08/2020,10:00,56,12,44
18/08/2020,11:00,74,18,56
18/08/2020,12:00,52,14,38
18/08/2020,13:00,57,19,38
18/08/2020,14:00,44,10,34
18/08/2020,15:00,44,7,37
18/08/2020,16:00,44,10,34
18/08/2020,17:00,61,6,55
18/08/2020,18:00,77,3,74
18/08/2020,19:00,74,1,73
18/08/2020,20:00,15,1,14
18/08/2020,21:00,0,0,0
18/08/2020,22:00,0,0,0
18/08/2020,23:00,0,0,0
19/08/2020,0:00,0,0,0
19/08/2020,1:00,0,0,0
19/08/2020,2:00,0,0,0
19/08/2020,3:00,1,0,1
19/08/2020,4:00,0,0,0
19/08/2020,5:00,9,4,5
19/08/2020,6:00,33,10,23
19/08/2020,7:00,32,3,29
19/08/2020,8:00,27,9,18
19/08/2020,9:00,52,14,38
19/08/2020,10:00,37,11,26
19/08/2020,11:00,52,15,37
19/08/2020,12:00,48,13,35
19/08/2020,13:00,54,14,40
19/08/2020,14:00,76,16,60
19/08/2020,15:00,57,7,50
19/08/2020,16:00,57,11,46
19/08/2020,17:00,79,9,70
19/08/2020,18:00,77,3,74
19/08/2020,19:00,61,5,56
19/08/2020,20:00,14,0,14
19/08/2020,21:00,3,0,3
19/08/2020,22:00,0,0,0
19/08/2020,23:00,1,1,0
20/08/2020,0:00,0,0,0
20/08/2020,1:00,0,0,0
20/08/2020,2:00,0,0,0
20/08/2020,3:00,0,0,0
20/08/2020,4:00,0,0,0
20/08/2020,5:00,11,6,5
20/08/2020,6:00,33,10,23
20/08/2020,7:00,31,7,24
20/08/2020,8:00,40,16,24
20/08/2020,9:00,41,19,22
20/08/2020,10:00,35,12,23
20/08/2020,11:00,57,21,36
20/08/2020,12:00,54,20,34
20/08/2020,13:00,52,13,39
20/08/2020,14:00,53,14,39
20/08/2020,15:00,43,9,34
20/08/2020,16:00,63,20,43
20/08/2020,17:00,84,17,67
20/08/2020,18:00,74,4,70
20/08/2020,19:00,81,6,75
20/08/2020,20:00,15,1,14
20/08/2020,21:00,3,1,2
20/08/2020,22:00,0,0,0
20/08/2020,23:00,0,0,0
21/08/2020,0:00,0,0,0
21/08/2020,1:00,0,0,0
21/08/2020,2:00,0,0,0
21/08/2020,3:00,0,0,0
21/08/2020,4:00,0,0,0
21/08/2020,5:00,8,4,4
21/08/2020,6:00,34,7,27
21/08/2020,7:00,42,9,33
21/08/2020,8:00,40,9,31
21/08/2020,9:00,68,22,46
21/08/2020,10:00,58,22,36
21/08/2020,11:00,67,26,41
21/08/2020,12:00,50,19,31
21/08/2020,13:00,44,13,31
21/08/2020,14:00,47,15,32
21/08/2020,15:00,59,13,46
21/08/2020,16:00,73,20,53
21/08/2020,17:00,57,8,49
21/08/2020,18:00,56,5,51
21/08/2020,19:00,55,0,55
21/08/2020,20:00,20,0,20
21/08/2020,21:00,5,0,5
21/08/2020,22:00,0,0,0
21/08/2020,23:00,0,0,0
22/08/2020,0:00,1,1,0
22/08/2020,1:00,0,0,0
22/08/2020,2:00,0,0,0
22/08/2020,3:00,0,0,0
22/08/2020,4:00,0,0,0
22/08/2020,5:00,1,1,0
22/08/2020,6:00,36,6,30
22/08/2020,7:00,55,6,49
22/08/2020,8:00,67,9,58
22/08/2020,9:00,67,6,61
22/08/2020,10:00,97,21,76
22/08/2020,11:00,92,25,67
22/08/2020,12:00,103,13,90
22/08/2020,13:00,73,10,63
22/08/2020,14:00,61,9,52
22/08/2020,15:00,85,12,73
22/08/2020,16:00,49,5,44
22/08/2020,17:00,70,4,66
22/08/2020,18:00,50,2,48
22/08/2020,19:00,27,0,27
22/08/2020,20:00,3,1,2
22/08/2020,21:00,2,2,0
22/08/2020,22:00,0,0,0
22/08/2020,23:00,0,0,0
23/08/2020,0:00,0,0,0
23/08/2020,1:00,0,0,0
23/08/2020,2:00,0,0,0
23/08/2020,3:00,0,0,0
23/08/2020,4:00,0,0,0
23/08/2020,5:00,1,1,0
23/08/2020,6:00,25,3,22
23/08/2020,7:00,27,3,24
23/08/2020,8:00,66,0,66
23/08/2020,9:00,76,1,75
23/08/2020,10:00,89,1,88
23/08/2020,11:00,80,4,76
23/08/2020,12:00,63,2,61
23/08/2020,13:00,68,8,60
23/08/2020,14:00,86,12,74
23/08/2020,15:00,56,1,55
23/08/2020,16:00,35,4,31
23/08/2020,17:00,30,1,29
23/08/2020,18:00,44,2,42
23/08/2020,19:00,39,0,39
23/08/2020,20:00,13,2,11
23/08/2020,21:00,0,0,0
23/08/2020,22:00,2,0,2
23/08/2020,23:00,0,0,0
24/08/2020,0:00,0,0,0
24/08/2020,1:00,0,0,0
24/08/2020,2:00,0,0,0
24/08/2020,3:00,0,0,0
24/08/2020,4:00,1,1,0
24/08/2020,5:00,3,1,2
24/08/2020,6:00,34,6,28
24/08/2020,7:00,33,2,31
24/08/2020,8:00,30,8,22
24/08/2020,9:00,45,6,39
24/08/2020,10:00,31,13,18
24/08/2020,11:00,43,9,34
24/08/2020,12:00,46,19,27
24/08/2020,13:00,40,14,26
24/08/2020,14:00,30,15,15
24/08/2020,15:00,60,35,25
24/08/2020,16:00,66,33,33
24/08/2020,17:00,49,12,37
24/08/2020,18:00,43,3,40
24/08/2020,19:00,40,0,40
24/08/2020,20:00,12,1,11
24/08/2020,21:00,0,0,0
24/08/2020,22:00,2,1,1
24/08/2020,23:00,0,0,0
25/08/2020,0:00,0,0,0
25/08/2020,1:00,0,0,0
25/08/2020,2:00,0,0,0
25/08/2020,3:00,0,0,0
25/08/2020,4:00,0,0,0
25/08/2020,5:00,10,1,9
25/08/2020,6:00,36,0,36
25/08/2020,7:00,33,1,32
25/08/2020,8:00,39,4,35
25/08/2020,9:00,46,9,37
25/08/2020,10:00,47,10,37
25/08/2020,11:00,39,18,21
25/08/2020,12:00,37,22,15
25/08/2020,13:00,32,15,17
25/08/2020,14:00,48,24,24
25/08/2020,15:00,69,27,42
25/08/2020,16:00,50,17,33
25/08/2020,17:00,56,11,45
25/08/2020,18:00,52,2,50
25/08/2020,19:00,53,1,52
25/08/2020,20:00,10,0,10
25/08/2020,21:00,0,0,0
25/08/2020,22:00,0,0,0
25/08/2020,23:00,0,0,0
26/08/2020,0:00,0,0,0
26/08/2020,1:00,0,0,0
26/08/2020,2:00,0,0,0
26/08/2020,3:00,0,0,0
26/08/2020,4:00,0,0,0
26/08/2020,5:00,8,0,8
26/08/2020,6:00,51,2,49
26/08/2020,7:00,45,1,44
26/08/2020,8:00,38,2,36
26/08/2020,9:00,55,6,49
26/08/2020,10:00,47,10,37
26/08/2020,11:00,25,9,16
26/08/2020,12:00,16,8,8
26/08/2020,13:00,23,7,16
26/08/2020,14:00,40,15,25
26/08/2020,15:00,27,10,17
26/08/2020,16:00,50,6,44
26/08/2020,17:00,73,6,67
26/08/2020,18:00,32,2,30
26/08/2020,19:00,43,3,40
26/08/2020,20:00,8,1,7
26/08/2020,21:00,0,0,0
26/08/2020,22:00,0,0,0
26/08/2020,23:00,1,1,0
27/08/2020,0:00,0,0,0
27/08/2020,1:00,0,0,0
27/08/2020,2:00,0,0,0
27/08/2020,3:00,0,0,0
27/08/2020,4:00,1,0,1
27/08/2020,5:00,5,0,5
27/08/2020,6:00,43,0,43
27/08/2020,7:00,33,1,32
27/08/2020,8:00,41,2,39
27/08/2020,9:00,37,0,37
27/08/2020,10:00,34,2,32
27/08/2020,11:00,22,2,20
27/08/2020,12:00,23,4,19
27/08/2020,13:00,16,5,11
27/08/2020,14:00,27,6,21
27/08/2020,15:00,38,9,29
27/08/2020,16:00,42,2,40
27/08/2020,17:00,57,3,54
27/08/2020,18:00,62,2,60
27/08/2020,19:00,48,1,47
27/08/2020,20:00,10,1,9
27/08/2020,21:00,0,0,0
27/08/2020,22:00,0,0,0
27/08/2020,23:00,2,0,2
28/08/2020,0:00,0,0,0
28/08/2020,1:00,0,0,0
28/08/2020,2:00,0,0,0
28/08/2020,3:00,0,0,0
28/08/2020,4:00,0,0,0
28/08/2020,5:00,4,1,3
28/08/2020,6:00,35,2,33
28/08/2020,7:00,33,0,33
28/08/2020,8:00,44,4,40
28/08/2020,9:00,43,5,38
28/08/2020,10:00,39,10,29
28/08/2020,11:00,40,14,26
28/08/2020,12:00,31,10,21
28/08/2020,13:00,25,9,16
28/08/2020,14:00,14,7,7
28/08/2020,15:00,34,10,24
28/08/2020,16:00,39,6,33
28/08/2020,17:00,33,7,26
28/08/2020,18:00,48,4,44
28/08/2020,19:00,62,0,62
28/08/2020,20:00,9,0,9
28/08/2020,21:00,3,0,3
28/08/2020,22:00,0,0,0
28/08/2020,23:00,0,0,0
29/08/2020,0:00,0,0,0
29/08/2020,1:00,0,0,0
29/08/2020,2:00,0,0,0
29/08/2020,3:00,0,0,0
29/08/2020,4:00,0,0,0
29/08/2020,5:00,8,1,7
29/08/2020,6:00,18,2,16
29/08/2020,7:00,50,2,48
29/08/2020,8:00,61,3,58
29/08/2020,9:00,82,2,80
29/08/2020,10:00,74,6,68
29/08/2020,11:00,78,6,72
29/08/2020,12:00,60,4,56
29/08/2020,13:00,60,1,59
29/08/2020,14:00,78,3,75
29/08/2020,15:00,84,2,82
29/08/2020,16:00,72,2,70
29/08/2020,17:00,61,0,61
29/08/2020,18:00,60,1,59
29/08/2020,19:00,46,0,46
29/08/2020,20:00,9,1,8
29/08/2020,21:00,0,0,0
29/08/2020,22:00,1,0,1
29/08/2020,23:00,0,0,0
30/08/2020,0:00,0,0,0
30/08/2020,1:00,0,0,0
30/08/2020,2:00,0,0,0
30/08/2020,3:00,0,0,0
30/08/2020,4:00,0,0,0
30/08/2020,5:00,0,0,0
30/08/2020,6:00,20,9,11
30/08/2020,7:00,50,16,34
30/08/2020,8:00,60,17,43
30/08/2020,9:00,113,9,104
30/08/2020,10:00,117,9,108
30/08/2020,11:00,111,12,99
30/08/2020,12:00,86,9,77
30/08/2020,13:00,103,22,81
30/08/2020,14:00,98,17,81
30/08/2020,15:00,100,13,87
30/08/2020,16:00,77,12,65
30/08/2020,17:00,49,3,46
30/08/2020,18:00,73,1,72
30/08/2020,19:00,48,1,47
30/08/2020,20:00,2,0,2
30/08/2020,21:00,0,0,0
30/08/2020,22:00,0,0,0
30/08/2020,23:00,1,0,1
31/08/2020,0:00,1,0,1
31/08/2020,1:00,0,0,0
31/08/2020,2:00,0,0,0
31/08/2020,3:00,0,0,0
31/08/2020,4:00,0,0,0
31/08/2020,5:00,10,5,5
31/08/2020,6:00,31,12,19
31/08/2020,7:00,31,2,29
31/08/2020,8:00,30,6,24
31/08/2020,9:00,47,6,41
31/08/2020,10:00,44,9,35
31/08/2020,11:00,44,13,31
31/08/2020,12:00,36,6,30
31/08/2020,13:00,24,4,20
31/08/2020,14:00,27,7,20
31/08/2020,15:00,38,4,34
31/08/2020,16:00,50,1,49
31/08/2020,17:00,75,5,70
31/08/2020,18:00,66,1,65
31/08/2020,19:00,29,1,28
31/08/2020,20:00,9,1,8
31/08/2020,21:00,0,0,0
31/08/2020,22:00,1,0,1
31/08/2020,23:00,1,0,1
1/9/2020,0:00,0,0,0
1/9/2020,1:00,1,1,0
1/9/2020,2:00,0,0,0
1/9/2020,3:00,0,0,0
1/9/2020,4:00,0,0,0
1/9/2020,5:00,6,0,6
1/9/2020,6:00,37,2,35
1/9/2020,7:00,29,1,28
1/9/2020,8:00,20,3,17
1/9/2020,9:00,26,0,26
1/9/2020,10:00,16,2,14
1/9/2020,11:00,11,2,9
1/9/2020,12:00,1,0,1
1/9/2020,13:00,0,0,0
1/9/2020,14:00,2,0,2
1/9/2020,15:00,0,0,0
1/9/2020,16:00,10,0,10
1/9/2020,17:00,33,2,31
1/9/2020,18:00,38,2,36
1/9/2020,19:00,31,0,31
1/9/2020,20:00,5,0,5
1/9/2020,21:00,0,0,0
1/9/2020,22:00,1,1,0
1/9/2020,23:00,0,0,0
2/9/2020,0:00,0,0,0
2/9/2020,1:00,0,0,0
2/9/2020,2:00,0,0,0
2/9/2020,3:00,0,0,0
2/9/2020,4:00,0,0,0
2/9/2020,5:00,4,0,4
2/9/2020,6:00,26,1,25
2/9/2020,7:00,23,1,22
2/9/2020,8:00,22,0,22
2/9/2020,9:00,46,1,45
2/9/2020,10:00,35,0,35
2/9/2020,11:00,33,3,30
2/9/2020,12:00,34,1,33
2/9/2020,13:00,27,3,24
2/9/2020,14:00,31,5,26
2/9/2020,15:00,28,1,27
2/9/2020,16:00,48,0,48
2/9/2020,17:00,76,1,75
2/9/2020,18:00,66,1,65
2/9/2020,19:00,66,0,66
2/9/2020,20:00,9,0,9
2/9/2020,21:00,1,0,1
2/9/2020,22:00,1,0,1
2/9/2020,23:00,0,0,0
3/9/2020,0:00,1,1,0
3/9/2020,1:00,0,0,0
3/9/2020,2:00,0,0,0
3/9/2020,3:00,0,0,0
3/9/2020,4:00,0,0,0
3/9/2020,5:00,3,0,3
3/9/2020,6:00,30,1,29
3/9/2020,7:00,31,0,31
3/9/2020,8:00,19,0,19
3/9/2020,9:00,35,1,34
3/9/2020,10:00,27,0,27
3/9/2020,11:00,29,1,28
3/9/2020,12:00,23,0,23
3/9/2020,13:00,20,4,16
3/9/2020,14:00,34,15,19
3/9/2020,15:00,25,9,16
3/9/2020,16:00,52,0,52
3/9/2020,17:00,49,0,49
3/9/2020,18:00,50,0,50
3/9/2020,19:00,39,0,39
3/9/2020,20:00,9,0,9
3/9/2020,21:00,1,0,1
3/9/2020,22:00,0,0,0
3/9/2020,23:00,1,0,1
4/9/2020,0:00,0,0,0
4/9/2020,1:00,0,0,0
4/9/2020,2:00,0,0,0
4/9/2020,3:00,0,0,0
4/9/2020,4:00,0,0,0
4/9/2020,5:00,1,0,1
4/9/2020,6:00,30,1,29
4/9/2020,7:00,23,1,22
4/9/2020,8:00,26,1,25
4/9/2020,9:00,38,0,38
4/9/2020,10:00,30,1,29
4/9/2020,11:00,28,0,28
4/9/2020,12:00,36,1,35
4/9/2020,13:00,22,0,22
4/9/2020,14:00,51,1,50
4/9/2020,15:00,66,15,51
4/9/2020,16:00,73,21,52
4/9/2020,17:00,79,34,45
4/9/2020,18:00,39,0,39
4/9/2020,19:00,28,0,28
4/9/2020,20:00,11,0,11
4/9/2020,21:00,0,0,0
4/9/2020,22:00,2,0,2
4/9/2020,23:00,0,0,0
5/9/2020,0:00,0,0,0
5/9/2020,1:00,0,0,0
5/9/2020,2:00,0,0,0
5/9/2020,3:00,0,0,0
5/9/2020,4:00,0,0,0
5/9/2020,5:00,0,0,0
5/9/2020,6:00,20,0,20
5/9/2020,7:00,46,0,46
5/9/2020,8:00,46,0,46
5/9/2020,9:00,57,0,57
5/9/2020,10:00,87,0,87
5/9/2020,11:00,66,0,66
5/9/2020,12:00,63,0,63
5/9/2020,13:00,34,0,34
5/9/2020,14:00,45,6,39
5/9/2020,15:00,65,2,63
5/9/2020,16:00,50,0,50
5/9/2020,17:00,59,0,59
5/9/2020,18:00,36,0,36
5/9/2020,19:00,24,0,24
5/9/2020,20:00,11,0,11
5/9/2020,21:00,2,0,2
5/9/2020,22:00,0,0,0
5/9/2020,23:00,2,0,2
6/9/2020,0:00,0,0,0
6/9/2020,1:00,0,0,0
6/9/2020,2:00,0,0,0
6/9/2020,3:00,0,0,0
6/9/2020,4:00,0,0,0
6/9/2020,5:00,0,0,0
6/9/2020,6:00,3,0,3
6/9/2020,7:00,0,0,0
6/9/2020,8:00,2,0,2
6/9/2020,9:00,0,0,0
6/9/2020,10:00,2,0,2
6/9/2020,11:00,9,0,9
6/9/2020,12:00,19,0,19
6/9/2020,13:00,25,0,25
6/9/2020,14:00,35,0,35
6/9/2020,15:00,24,0,24
6/9/2020,16:00,43,0,43
6/9/2020,17:00,16,0,16
6/9/2020,18:00,27,0,27
6/9/2020,19:00,17,0,17
6/9/2020,20:00,3,0,3
6/9/2020,21:00,1,0,1
6/9/2020,22:00,1,0,1
6/9/2020,23:00,0,0,0
7/9/2020,0:00,0,0,0
7/9/2020,1:00,0,0,0
7/9/2020,2:00,0,0,0
7/9/2020,3:00,0,0,0
7/9/2020,4:00,0,0,0
7/9/2020,5:00,0,0,0
7/9/2020,6:00,8,0,8
7/9/2020,7:00,33,0,33
7/9/2020,8:00,39,0,39
7/9/2020,9:00,98,0,98
7/9/2020,10:00,111,0,111
7/9/2020,11:00,100,0,100
7/9/2020,12:00,65,0,65
7/9/2020,13:00,53,0,53
7/9/2020,14:00,77,0,77
7/9/2020,15:00,65,0,65
7/9/2020,16:00,65,0,65
7/9/2020,17:00,64,0,64
7/9/2020,18:00,47,0,47
7/9/2020,19:00,19,0,19
7/9/2020,20:00,1,0,1
7/9/2020,21:00,0,0,0
7/9/2020,22:00,0,0,0
7/9/2020,23:00,0,0,0
8/9/2020,0:00,0,0,0
8/9/2020,1:00,0,0,0
8/9/2020,2:00,0,0,0
8/9/2020,3:00,0,0,0
8/9/2020,4:00,0,0,0
8/9/2020,5:00,0,0,0
8/9/2020,6:00,18,0,18
8/9/2020,7:00,7,0,7
8/9/2020,8:00,5,0,5
8/9/2020,9:00,6,0,6
8/9/2020,10:00,13,0,13
8/9/2020,11:00,20,0,20
8/9/2020,12:00,15,0,15
8/9/2020,13:00,8,0,8
8/9/2020,14:00,6,0,6
8/9/2020,15:00,8,0,8
8/9/2020,16:00,18,0,18
8/9/2020,17:00,33,0,33
8/9/2020,18:00,13,0,13
8/9/2020,19:00,0,0,0
8/9/2020,20:00,0,0,0
8/9/2020,21:00,2,0,2
8/9/2020,22:00,0,0,0
8/9/2020,23:00,0,0,0
9/9/2020,0:00,0,0,0
9/9/2020,1:00,0,0,0
9/9/2020,2:00,0,0,0
9/9/2020,3:00,0,0,0
9/9/2020,4:00,1,0,1
9/9/2020,5:00,2,0,2
9/9/2020,6:00,9,0,9
9/9/2020,7:00,19,0,19
9/9/2020,8:00,13,0,13
9/9/2020,9:00,14,0,14
9/9/2020,10:00,19,0,19
9/9/2020,11:00,24,0,24
9/9/2020,12:00,19,0,19
9/9/2020,13:00,18,0,18
9/9/2020,14:00,26,0,26
9/9/2020,15:00,27,0,27
9/9/2020,16:00,55,0,55
9/9/2020,17:00,72,0,72
9/9/2020,18:00,50,0,50
9/9/2020,19:00,24,0,24
9/9/2020,20:00,2,0,2
9/9/2020,21:00,0,0,0
9/9/2020,22:00,0,0,0
9/9/2020,23:00,0,0,0
10/9/2020,0:00,0,0,0
10/9/2020,1:00,0,0,0
10/9/2020,2:00,0,0,0
10/9/2020,3:00,0,0,0
10/9/2020,4:00,0,0,0
10/9/2020,5:00,2,0,2
10/9/2020,6:00,7,0,7
10/9/2020,7:00,13,0,13
10/9/2020,8:00,11,0,11
10/9/2020,9:00,16,0,16
10/9/2020,10:00,13,0,13
10/9/2020,11:00,15,0,15
10/9/2020,12:00,9,0,9
10/9/2020,13:00,20,0,20
10/9/2020,14:00,18,0,18
10/9/2020,15:00,28,0,28
10/9/2020,16:00,29,0,29
10/9/2020,17:00,49,0,49
10/9/2020,18:00,20,0,20
10/9/2020,19:00,18,0,18
10/9/2020,20:00,9,0,9
10/9/2020,21:00,0,0,0
10/9/2020,22:00,0,0,0
10/9/2020,23:00,0,0,0
11/9/2020,0:00,0,0,0
11/9/2020,1:00,0,0,0
11/9/2020,2:00,0,0,0
11/9/2020,3:00,0,0,0
11/9/2020,4:00,0,0,0
11/9/2020,5:00,2,0,2
11/9/2020,6:00,6,0,6
11/9/2020,7:00,11,0,11
11/9/2020,8:00,22,0,22
11/9/2020,9:00,25,0,25
11/9/2020,10:00,15,0,15
11/9/2020,11:00,15,0,15
11/9/2020,12:00,17,0,17
11/9/2020,13:00,14,0,14
11/9/2020,14:00,26,0,26
11/9/2020,15:00,26,0,26
11/9/2020,16:00,58,0,58
11/9/2020,17:00,62,0,62
11/9/2020,18:00,65,0,65
11/9/2020,19:00,10,0,10
11/9/2020,20:00,1,0,1
11/9/2020,21:00,1,0,1
11/9/2020,22:00,0,0,0
11/9/2020,23:00,0,0,0
12/9/2020,0:00,0,0,0
12/9/2020,1:00,0,0,0
12/9/2020,2:00,0,0,0
12/9/2020,3:00,0,0,0
12/9/2020,4:00,0,0,0
12/9/2020,5:00,0,0,0
12/9/2020,6:00,6,0,6
12/9/2020,7:00,12,0,12
12/9/2020,8:00,4,0,4
12/9/2020,9:00,0,0,0
12/9/2020,10:00,0,0,0
12/9/2020,11:00,2,0,2
12/9/2020,12:00,1,0,1
12/9/2020,13:00,6,0,6
12/9/2020,14:00,14,0,14
12/9/2020,15:00,23,0,23
12/9/2020,16:00,49,0,49
12/9/2020,17:00,33,0,33
12/9/2020,18:00,22,0,22
12/9/2020,19:00,5,0,5
12/9/2020,20:00,1,0,1
12/9/2020,21:00,0,0,0
12/9/2020,22:00,0,0,0
12/9/2020,23:00,0,0,0
13/09/2020,0:00,0,0,0
13/09/2020,1:00,0,0,0
13/09/2020,2:00,0,0,0
13/09/2020,3:00,0,0,0
13/09/2020,4:00,0,0,0
13/09/2020,5:00,2,0,2
13/09/2020,6:00,5,0,5
13/09/2020,7:00,16,0,16
13/09/2020,8:00,55,0,55
13/09/2020,9:00,62,0,62
13/09/2020,10:00,87,0,87
13/09/2020,11:00,82,0,82
13/09/2020,12:00,76,0,76
13/09/2020,13:00,75,0,75
13/09/2020,14:00,66,0,66
13/09/2020,15:00,72,0,72
13/09/2020,16:00,73,0,73
13/09/2020,17:00,76,0,76
13/09/2020,18:00,46,0,46
13/09/2020,19:00,33,0,33
13/09/2020,20:00,1,0,1
13/09/2020,21:00,3,0,3
13/09/2020,22:00,0,0,0
13/09/2020,23:00,0,0,0
14/09/2020,0:00,0,0,0
14/09/2020,1:00,0,0,0
14/09/2020,2:00,0,0,0
14/09/2020,3:00,0,0,0
14/09/2020,4:00,0,0,0
14/09/2020,5:00,1,0,1
14/09/2020,6:00,16,0,16
14/09/2020,7:00,17,0,17
14/09/2020,8:00,17,1,16
14/09/2020,9:00,22,0,22
14/09/2020,10:00,29,0,29
14/09/2020,11:00,26,0,26
14/09/2020,12:00,24,1,23
14/09/2020,13:00,36,0,36
14/09/2020,14:00,32,0,32
14/09/2020,15:00,26,0,26
14/09/2020,16:00,49,0,49
14/09/2020,17:00,73,0,73
14/09/2020,18:00,69,0,69
14/09/2020,19:00,17,0,17
14/09/2020,20:00,0,0,0
14/09/2020,21:00,0,0,0
14/09/2020,22:00,0,0,0
14/09/2020,23:00,0,0,0
15/09/2020,0:00,0,0,0
15/09/2020,1:00,0,0,0
15/09/2020,2:00,0,0,0
15/09/2020,3:00,0,0,0
15/09/2020,4:00,0,0,0
15/09/2020,5:00,5,0,5
15/09/2020,6:00,11,0,11
15/09/2020,7:00,24,0,24
15/09/2020,8:00,13,0,13
15/09/2020,9:00,17,0,17
15/09/2020,10:00,22,0,22
15/09/2020,11:00,25,0,25
15/09/2020,12:00,20,0,20
15/09/2020,13:00,29,0,29
15/09/2020,14:00,34,0,34
15/09/2020,15:00,29,0,29
15/09/2020,16:00,61,0,61
15/09/2020,17:00,65,0,65
15/09/2020,18:00,47,0,47
15/09/2020,19:00,28,0,28
15/09/2020,20:00,3,0,3
15/09/2020,21:00,1,0,1
15/09/2020,22:00,0,0,0
15/09/2020,23:00,0,0,0
16/09/2020,0:00,0,0,0
16/09/2020,1:00,0,0,0
16/09/2020,2:00,0,0,0
16/09/2020,3:00,0,0,0
16/09/2020,4:00,0,0,0
16/09/2020,5:00,3,0,3
16/09/2020,6:00,10,0,10
16/09/2020,7:00,12,1,11
16/09/2020,8:00,22,0,22
16/09/2020,9:00,28,0,28
16/09/2020,10:00,25,0,25
16/09/2020,11:00,33,0,33
16/09/2020,12:00,30,0,30
16/09/2020,13:00,24,0,24
16/09/2020,14:00,25,0,25
16/09/2020,15:00,19,0,19
16/09/2020,16:00,53,0,53
16/09/2020,17:00,77,0,77
16/09/2020,18:00,65,0,65
16/09/2020,19:00,10,0,10
16/09/2020,20:00,4,0,4
16/09/2020,21:00,0,0,0
16/09/2020,22:00,4,0,4
16/09/2020,23:00,0,0,0
17/09/2020,0:00,0,0,0
17/09/2020,1:00,0,0,0
17/09/2020,2:00,0,0,0
17/09/2020,3:00,0,0,0
17/09/2020,4:00,0,0,0
17/09/2020,5:00,3,0,3
17/09/2020,6:00,15,0,15
17/09/2020,7:00,22,0,22
17/09/2020,8:00,23,0,23
17/09/2020,9:00,26,0,26
17/09/2020,10:00,22,0,22
17/09/2020,11:00,27,0,27
17/09/2020,12:00,16,0,16
17/09/2020,13:00,17,0,17
17/09/2020,14:00,24,1,23
17/09/2020,15:00,24,0,24
17/09/2020,16:00,46,0,46
17/09/2020,17:00,41,0,41
17/09/2020,18:00,55,0,55
17/09/2020,19:00,7,0,7
17/09/2020,20:00,3,0,3
17/09/2020,21:00,0,0,0
17/09/2020,22:00,0,0,0
17/09/2020,23:00,0,0,0
18/09/2020,0:00,0,0,0
18/09/2020,1:00,0,0,0
18/09/2020,2:00,0,0,0
18/09/2020,3:00,0,0,0
18/09/2020,4:00,0,0,0
18/09/2020,5:00,0,0,0
18/09/2020,6:00,10,1,9
18/09/2020,7:00,15,0,15
18/09/2020,8:00,31,0,31
18/09/2020,9:00,15,0,15
18/09/2020,10:00,10,0,10
18/09/2020,11:00,8,0,8
18/09/2020,12:00,14,0,14
18/09/2020,13:00,23,0,23
18/09/2020,14:00,28,1,27
18/09/2020,15:00,25,0,25
18/09/2020,16:00,35,0,35
18/09/2020,17:00,41,0,41
18/09/2020,18:00,50,0,50
18/09/2020,19:00,16,0,16
18/09/2020,20:00,0,0,0
18/09/2020,21:00,0,0,0
18/09/2020,22:00,0,0,0
18/09/2020,23:00,0,0,0
19/09/2020,0:00,0,0,0
19/09/2020,1:00,0,0,0
19/09/2020,2:00,0,0,0
19/09/2020,3:00,0,0,0
19/09/2020,4:00,0,0,0
19/09/2020,5:00,0,0,0
19/09/2020,6:00,1,0,1
19/09/2020,7:00,21,6,15
19/09/2020,8:00,30,5,25
19/09/2020,9:00,39,2,37
19/09/2020,10:00,48,1,47
19/09/2020,11:00,32,0,32
19/09/2020,12:00,44,0,44
19/09/2020,13:00,55,1,54
19/09/2020,14:00,76,0,76
19/09/2020,15:00,83,0,83
19/09/2020,16:00,60,0,60
19/09/2020,17:00,41,0,41
19/09/2020,18:00,33,0,33
19/09/2020,19:00,17,0,17
19/09/2020,20:00,1,0,1
19/09/2020,21:00,6,0,6
19/09/2020,22:00,0,0,0
19/09/2020,23:00,0,0,0
20/09/2020,0:00,0,0,0
20/09/2020,1:00,0,0,0
20/09/2020,2:00,0,0,0
20/09/2020,3:00,0,0,0
20/09/2020,4:00,0,0,0
20/09/2020,5:00,0,0,0
20/09/2020,6:00,4,0,4
20/09/2020,7:00,11,0,11
20/09/2020,8:00,28,1,27
20/09/2020,9:00,32,1,31
20/09/2020,10:00,52,2,50
20/09/2020,11:00,65,0,65
20/09/2020,12:00,37,0,37
20/09/2020,13:00,69,0,69
20/09/2020,14:00,67,0,67
20/09/2020,15:00,76,0,76
20/09/2020,16:00,57,1,56
20/09/2020,17:00,57,0,57
20/09/2020,18:00,21,0,21
20/09/2020,19:00,10,0,10
20/09/2020,20:00,0,0,0
20/09/2020,21:00,0,0,0
20/09/2020,22:00,0,0,0
20/09/2020,23:00,0,0,0
21/09/2020,0:00,0,0,0
21/09/2020,1:00,0,0,0
21/09/2020,2:00,0,0,0
21/09/2020,3:00,0,0,0
21/09/2020,4:00,0,0,0
21/09/2020,5:00,0,0,0
21/09/2020,6:00,11,0,11
21/09/2020,7:00,10,1,9
21/09/2020,8:00,18,0,18
21/09/2020,9:00,12,0,12
21/09/2020,10:00,13,0,13
21/09/2020,11:00,16,0,16
21/09/2020,12:00,25,2,23
21/09/2020,13:00,20,1,19
21/09/2020,14:00,29,0,29
21/09/2020,15:00,37,0,37
21/09/2020,16:00,42,0,42
21/09/2020,17:00,58,0,58
21/09/2020,18:00,69,0,69
21/09/2020,19:00,14,0,14
21/09/2020,20:00,1,0,1
21/09/2020,21:00,2,0,2
21/09/2020,22:00,0,0,0
21/09/2020,23:00,0,0,0
22/09/2020,0:00,0,0,0
22/09/2020,1:00,0,0,0
22/09/2020,2:00,0,0,0
22/09/2020,3:00,0,0,0
22/09/2020,4:00,0,0,0
22/09/2020,5:00,4,0,4
22/09/2020,6:00,12,1,11
22/09/2020,7:00,14,0,14
22/09/2020,8:00,13,0,13
22/09/2020,9:00,18,0,18
22/09/2020,10:00,31,1,30
22/09/2020,11:00,27,0,27
22/09/2020,12:00,26,0,26
22/09/2020,13:00,34,2,32
22/09/2020,14:00,26,0,26
22/09/2020,15:00,41,0,41
22/09/2020,16:00,58,1,57
22/09/2020,17:00,60,0,60
22/09/2020,18:00,67,0,67
22/09/2020,19:00,19,0,19
22/09/2020,20:00,3,0,3
22/09/2020,21:00,3,0,3
22/09/2020,22:00,0,0,0
22/09/2020,23:00,0,0,0
23/09/2020,0:00,0,0,0
23/09/2020,1:00,0,0,0
23/09/2020,2:00,0,0,0
23/09/2020,3:00,0,0,0
23/09/2020,4:00,0,0,0
23/09/2020,5:00,3,0,3
23/09/2020,6:00,12,0,12
23/09/2020,7:00,9,0,9
23/09/2020,8:00,10,0,10
23/09/2020,9:00,20,1,19
23/09/2020,10:00,29,0,29
23/09/2020,11:00,43,0,43
23/09/2020,12:00,22,0,22
23/09/2020,13:00,20,0,20
23/09/2020,14:00,38,1,37
23/09/2020,15:00,34,0,34
23/09/2020,16:00,50,1,49
23/09/2020,17:00,64,0,64
23/09/2020,18:00,50,1,49
23/09/2020,19:00,8,0,8
23/09/2020,20:00,3,0,3
23/09/2020,21:00,0,0,0
23/09/2020,22:00,0,0,0
23/09/2020,23:00,0,0,0
24/09/2020,0:00,0,0,0
24/09/2020,1:00,0,0,0
24/09/2020,2:00,0,0,0
24/09/2020,3:00,0,0,0
24/09/2020,4:00,0,0,0
24/09/2020,5:00,0,0,0
24/09/2020,6:00,11,0,11
24/09/2020,7:00,9,0,9
24/09/2020,8:00,19,0,19
24/09/2020,9:00,18,0,18
24/09/2020,10:00,26,0,26
24/09/2020,11:00,30,0,30
24/09/2020,12:00,29,0,29
24/09/2020,13:00,34,0,34
24/09/2020,14:00,32,0,32
24/09/2020,15:00,44,0,44
24/09/2020,16:00,48,0,48
24/09/2020,17:00,52,0,52
24/09/2020,18:00,47,0,47
24/09/2020,19:00,6,0,6
24/09/2020,20:00,0,0,0
24/09/2020,21:00,1,0,1
24/09/2020,22:00,0,0,0
24/09/2020,23:00,0,0,0
25/09/2020,0:00,0,0,0
25/09/2020,1:00,0,0,0
25/09/2020,2:00,0,0,0
25/09/2020,3:00,0,0,0
25/09/2020,4:00,0,0,0
25/09/2020,5:00,1,0,1
25/09/2020,6:00,12,0,12
25/09/2020,7:00,20,0,20
25/09/2020,8:00,25,0,25
25/09/2020,9:00,39,0,39
25/09/2020,10:00,30,2,28
25/09/2020,11:00,23,1,22
25/09/2020,12:00,48,1,47
25/09/2020,13:00,40,0,40
25/09/2020,14:00,50,0,50
25/09/2020,15:00,55,0,55
25/09/2020,16:00,51,0,51
25/09/2020,17:00,60,0,60
25/09/2020,18:00,61,0,61
25/09/2020,19:00,7,0,7
25/09/2020,20:00,3,0,3
25/09/2020,21:00,0,0,0
25/09/2020,22:00,0,0,0
25/09/2020,23:00,0,0,0
26/09/2020,0:00,0,0,0
26/09/2020,1:00,0,0,0
26/09/2020,2:00,0,0,0
26/09/2020,3:00,0,0,0
26/09/2020,4:00,0,0,0
26/09/2020,5:00,2,0,2
26/09/2020,6:00,6,0,6
26/09/2020,7:00,13,0,13
26/09/2020,8:00,26,0,26
26/09/2020,9:00,31,0,31
26/09/2020,10:00,42,0,42
26/09/2020,11:00,37,0,37
26/09/2020,12:00,43,0,43
26/09/2020,13:00,42,0,42
26/09/2020,14:00,45,0,45
26/09/2020,15:00,78,0,78
26/09/2020,16:00,55,0,55
26/09/2020,17:00,41,0,41
26/09/2020,18:00,42,0,42
26/09/2020,19:00,5,0,5
26/09/2020,20:00,0,0,0
26/09/2020,21:00,0,0,0
26/09/2020,22:00,1,0,1
26/09/2020,23:00,0,0,0
27/09/2020,0:00,0,0,0
27/09/2020,1:00,0,0,0
27/09/2020,2:00,2,0,2
27/09/2020,3:00,0,0,0
27/09/2020,4:00,0,0,0
27/09/2020,5:00,1,0,1
27/09/2020,6:00,5,0,5
27/09/2020,7:00,20,0,20
27/09/2020,8:00,37,0,37
27/09/2020,9:00,55,0,55
27/09/2020,10:00,52,0,52
27/09/2020,11:00,81,0,81
27/09/2020,12:00,54,0,54
27/09/2020,13:00,48,0,48
27/09/2020,14:00,60,0,60
27/09/2020,15:00,58,0,58
27/09/2020,16:00,45,0,45
27/09/2020,17:00,41,0,41
27/09/2020,18:00,17,0,17
27/09/2020,19:00,0,0,0
27/09/2020,20:00,2,0,2
27/09/2020,21:00,0,0,0
27/09/2020,22:00,0,0,0
27/09/2020,23:00,0,0,0
28/09/2020,0:00,0,0,0
28/09/2020,1:00,0,0,0
28/09/2020,2:00,0,0,0
28/09/2020,3:00,0,0,0
28/09/2020,4:00,0,0,0
28/09/2020,5:00,1,0,1
28/09/2020,6:00,6,0,6
28/09/2020,7:00,3,0,3
28/09/2020,8:00,5,0,5
28/09/2020,9:00,8,0,8
28/09/2020,10:00,5,0,5
28/09/2020,11:00,3,0,3
28/09/2020,12:00,8,0,8
28/09/2020,13:00,1,0,1
28/09/2020,14:00,10,0,10
28/09/2020,15:00,24,1,23
28/09/2020,16:00,27,0,27
28/09/2020,17:00,29,0,29
28/09/2020,18:00,19,1,18
28/09/2020,19:00,2,0,2
28/09/2020,20:00,0,0,0
28/09/2020,21:00,0,0,0
28/09/2020,22:00,0,0,0
28/09/2020,23:00,0,0,0
29/09/2020,0:00,0,0,0
29/09/2020,1:00,0,0,0
29/09/2020,2:00,0,0,0
29/09/2020,3:00,0,0,0
29/09/2020,4:00,0,0,0
29/09/2020,5:00,4,1,3
29/09/2020,6:00,5,0,5
29/09/2020,7:00,7,0,7
29/09/2020,8:00,13,0,13
29/09/2020,9:00,10,0,10
29/09/2020,10:00,9,0,9
29/09/2020,11:00,16,0,16
29/09/2020,12:00,16,0,16
29/09/2020,13:00,15,0,15
29/09/2020,14:00,22,0,22
29/09/2020,15:00,30,0,30
29/09/2020,16:00,31,0,31
29/09/2020,17:00,47,0,47
29/09/2020,18:00,17,0,17
29/09/2020,19:00,4,0,4
29/09/2020,20:00,1,0,1
29/09/2020,21:00,0,0,0
29/09/2020,22:00,0,0,0
29/09/2020,23:00,0,0,0
30/09/2020,0:00,0,0,0
30/09/2020,1:00,0,0,0
30/09/2020,2:00,0,0,0
30/09/2020,3:00,0,0,0
30/09/2020,4:00,0,0,0
30/09/2020,5:00,1,0,1
30/09/2020,6:00,11,0,11
30/09/2020,7:00,6,1,5
30/09/2020,8:00,8,0,8
30/09/2020,9:00,9,0,9
30/09/2020,10:00,7,0,7
30/09/2020,11:00,9,0,9
30/09/2020,12:00,11,0,11
30/09/2020,13:00,11,0,11
30/09/2020,14:00,14,0,14
30/09/2020,15:00,10,1,9
30/09/2020,16:00,29,0,29
30/09/2020,17:00,38,3,35
30/09/2020,18:00,26,0,26
30/09/2020,19:00,3,0,3
30/09/2020,20:00,0,0,0
30/09/2020,21:00,0,0,0
30/09/2020,22:00,0,0,0
30/09/2020,23:00,0,0,0
1/10/2020,0:00,0,0,0
1/10/2020,1:00,0,0,0
1/10/2020,2:00,0,0,0
1/10/2020,3:00,0,0,0
1/10/2020,4:00,0,0,0
1/10/2020,5:00,2,1,1
1/10/2020,6:00,6,0,6
1/10/2020,7:00,5,0,5
1/10/2020,8:00,16,0,16
1/10/2020,9:00,4,0,4
1/10/2020,10:00,2,0,2
1/10/2020,11:00,17,1,16
1/10/2020,12:00,10,0,10
1/10/2020,13:00,14,0,14
1/10/2020,14:00,11,0,11
1/10/2020,15:00,12,1,11
1/10/2020,16:00,23,0,23
1/10/2020,17:00,24,0,24
1/10/2020,18:00,25,0,25
1/10/2020,19:00,10,0,10
1/10/2020,20:00,3,0,3
1/10/2020,21:00,1,0,1
1/10/2020,22:00,0,0,0
1/10/2020,23:00,0,0,0
2/10/2020,0:00,0,0,0
2/10/2020,1:00,0,0,0
2/10/2020,2:00,0,0,0
2/10/2020,3:00,0,0,0
2/10/2020,4:00,0,0,0
2/10/2020,5:00,0,0,0
2/10/2020,6:00,8,0,8
2/10/2020,7:00,8,0,8
2/10/2020,8:00,12,0,12
2/10/2020,9:00,9,0,9
2/10/2020,10:00,12,1,11
2/10/2020,11:00,13,0,13
2/10/2020,12:00,15,0,15
2/10/2020,13:00,12,0,12
2/10/2020,14:00,24,0,24
2/10/2020,15:00,23,0,23
2/10/2020,16:00,35,0,35
2/10/2020,17:00,19,0,19
2/10/2020,18:00,20,0,20
2/10/2020,19:00,5,0,5
2/10/2020,20:00,0,0,0
2/10/2020,21:00,0,0,0
2/10/2020,22:00,0,0,0
2/10/2020,23:00,0,0,0
3/10/2020,0:00,1,0,1
3/10/2020,1:00,0,0,0
3/10/2020,2:00,0,0,0
3/10/2020,3:00,0,0,0
3/10/2020,4:00,0,0,0
3/10/2020,5:00,1,0,1
3/10/2020,6:00,3,1,2
3/10/2020,7:00,10,0,10
3/10/2020,8:00,11,0,11
3/10/2020,9:00,19,0,19
3/10/2020,10:00,18,0,18
3/10/2020,11:00,8,0,8
3/10/2020,12:00,13,0,13
3/10/2020,13:00,16,0,16
3/10/2020,14:00,18,0,18
3/10/2020,15:00,14,0,14
3/10/2020,16:00,11,0,11
3/10/2020,17:00,3,0,3
3/10/2020,18:00,2,0,2
3/10/2020,19:00,0,0,0
3/10/2020,20:00,0,0,0
3/10/2020,21:00,0,0,0
3/10/2020,22:00,0,0,0
3/10/2020,23:00,0,0,0
4/10/2020,0:00,0,0,0
4/10/2020,1:00,0,0,0
4/10/2020,2:00,0,0,0
4/10/2020,3:00,0,0,0
4/10/2020,4:00,0,0,0
4/10/2020,5:00,0,0,0
4/10/2020,6:00,3,0,3
4/10/2020,7:00,1,0,1
4/10/2020,8:00,8,0,8
4/10/2020,9:00,12,0,12
4/10/2020,10:00,21,0,21
4/10/2020,11:00,32,0,32
4/10/2020,12:00,29,0,29
4/10/2020,13:00,30,0,30
4/10/2020,14:00,48,0,48
4/10/2020,15:00,48,0,48
4/10/2020,16:00,44,0,44
4/10/2020,17:00,15,0,15
4/10/2020,18:00,6,0,6
4/10/2020,19:00,3,0,3
4/10/2020,20:00,0,0,0
4/10/2020,21:00,1,0,1
4/10/2020,22:00,0,0,0
4/10/2020,23:00,0,0,0
5/10/2020,0:00,0,0,0
5/10/2020,1:00,0,0,0
5/10/2020,2:00,0,0,0
5/10/2020,3:00,0,0,0
5/10/2020,4:00,0,0,0
5/10/2020,5:00,0,0,0
5/10/2020,6:00,6,0,6
5/10/2020,7:00,6,0,6
5/10/2020,8:00,6,1,5
5/10/2020,9:00,5,0,5
5/10/2020,10:00,8,0,8
5/10/2020,11:00,14,0,14
5/10/2020,12:00,10,0,10
5/10/2020,13:00,18,0,18
5/10/2020,14:00,28,0,28
5/10/2020,15:00,23,1,22
5/10/2020,16:00,35,0,35
5/10/2020,17:00,30,0,30
5/10/2020,18:00,26,0,26
5/10/2020,19:00,1,0,1
5/10/2020,20:00,0,0,0
5/10/2020,21:00,0,0,0
5/10/2020,22:00,0,0,0
5/10/2020,23:00,0,0,0
6/10/2020,0:00,0,0,0
6/10/2020,1:00,0,0,0
6/10/2020,2:00,0,0,0
6/10/2020,3:00,0,0,0
6/10/2020,4:00,0,0,0
6/10/2020,5:00,1,1,0
6/10/2020,6:00,2,0,2
6/10/2020,7:00,5,0,5
6/10/2020,8:00,6,0,6
6/10/2020,9:00,3,0,3
6/10/2020,10:00,15,0,15
6/10/2020,11:00,25,0,25
6/10/2020,12:00,22,0,22
6/10/2020,13:00,28,0,28
6/10/2020,14:00,27,0,27
6/10/2020,15:00,51,10,41
6/10/2020,16:00,72,6,66
6/10/2020,17:00,70,1,69
6/10/2020,18:00,51,0,51
6/10/2020,19:00,10,0,10
6/10/2020,20:00,3,0,3
6/10/2020,21:00,0,0,0
6/10/2020,22:00,0,0,0
6/10/2020,23:00,0,0,0
7/10/2020,0:00,0,0,0
7/10/2020,1:00,0,0,0
7/10/2020,2:00,0,0,0
7/10/2020,3:00,0,0,0
7/10/2020,4:00,0,0,0
7/10/2020,5:00,0,0,0
7/10/2020,6:00,7,0,7
7/10/2020,7:00,11,0,11
7/10/2020,8:00,19,0,19
7/10/2020,9:00,26,1,25
7/10/2020,10:00,15,0,15
7/10/2020,11:00,30,0,30
7/10/2020,12:00,29,1,28
7/10/2020,13:00,37,1,36
7/10/2020,14:00,37,1,36
7/10/2020,15:00,56,0,56
7/10/2020,16:00,64,0,64
7/10/2020,17:00,74,0,74
7/10/2020,18:00,39,0,39
7/10/2020,19:00,1,0,1
7/10/2020,20:00,3,0,3
7/10/2020,21:00,0,0,0
7/10/2020,22:00,0,0,0
7/10/2020,23:00,0,0,0
8/10/2020,0:00,0,0,0
8/10/2020,1:00,2,0,2
8/10/2020,2:00,0,0,0
8/10/2020,3:00,0,0,0
8/10/2020,4:00,0,0,0
8/10/2020,5:00,0,0,0
8/10/2020,6:00,3,1,2
8/10/2020,7:00,11,1,10
8/10/2020,8:00,16,1,15
8/10/2020,9:00,15,1,14
8/10/2020,10:00,32,1,31
8/10/2020,11:00,38,1,37
8/10/2020,12:00,32,4,28
8/10/2020,13:00,27,1,26
8/10/2020,14:00,30,1,29
8/10/2020,15:00,30,0,30
8/10/2020,16:00,52,0,52
8/10/2020,17:00,58,0,58
8/10/2020,18:00,32,0,32
8/10/2020,19:00,2,0,2
8/10/2020,20:00,2,0,2
8/10/2020,21:00,0,0,0
8/10/2020,22:00,0,0,0
8/10/2020,23:00,0,0,0
9/10/2020,0:00,0,0,0
9/10/2020,1:00,0,0,0
9/10/2020,2:00,0,0,0
9/10/2020,3:00,0,0,0
9/10/2020,4:00,0,0,0
9/10/2020,5:00,2,0,2
9/10/2020,6:00,11,0,11
9/10/2020,7:00,20,0,20
9/10/2020,8:00,19,0,19
9/10/2020,9:00,11,1,10
9/10/2020,10:00,23,0,23
9/10/2020,11:00,36,0,36
9/10/2020,12:00,23,0,23
9/10/2020,13:00,47,0,47
9/10/2020,14:00,19,0,19
9/10/2020,15:00,43,2,41
9/10/2020,16:00,40,0,40
9/10/2020,17:00,52,0,52
9/10/2020,18:00,46,0,46
9/10/2020,19:00,4,0,4
9/10/2020,20:00,1,0,1
9/10/2020,21:00,4,0,4
9/10/2020,22:00,4,0,4
9/10/2020,23:00,0,0,0
10/10/2020,0:00,0,0,0
10/10/2020,1:00,3,0,3
10/10/2020,2:00,0,0,0
10/10/2020,3:00,0,0,0
10/10/2020,4:00,0,0,0
10/10/2020,5:00,0,0,0
10/10/2020,6:00,6,0,6
10/10/2020,7:00,20,0,20
10/10/2020,8:00,27,0,27
10/10/2020,9:00,44,0,44
10/10/2020,10:00,76,0,76
10/10/2020,11:00,85,0,85
10/10/2020,12:00,48,0,48
10/10/2020,13:00,80,0,80
10/10/2020,14:00,50,0,50
10/10/2020,15:00,60,0,60
10/10/2020,16:00,61,0,61
10/10/2020,17:00,57,0,57
10/10/2020,18:00,40,0,40
10/10/2020,19:00,0,0,0
10/10/2020,20:00,1,0,1
10/10/2020,21:00,0,0,0
10/10/2020,22:00,3,0,3
10/10/2020,23:00,0,0,0
11/10/2020,0:00,0,0,0
11/10/2020,1:00,0,0,0
11/10/2020,2:00,0,0,0
11/10/2020,3:00,0,0,0
11/10/2020,4:00,0,0,0
11/10/2020,5:00,0,0,0
11/10/2020,6:00,2,0,2
11/10/2020,7:00,21,0,21
11/10/2020,8:00,32,0,32
11/10/2020,9:00,43,0,43
11/10/2020,10:00,60,0,60
11/10/2020,11:00,65,0,65
11/10/2020,12:00,64,0,64
11/10/2020,13:00,51,0,51
11/10/2020,14:00,79,0,79
11/10/2020,15:00,98,0,98
11/10/2020,16:00,67,0,67
11/10/2020,17:00,50,0,50
11/10/2020,18:00,28,0,28
11/10/2020,19:00,5,0,5
11/10/2020,20:00,0,0,0
11/10/2020,21:00,0,0,0
11/10/2020,22:00,0,0,0
11/10/2020,23:00,0,0,0
12/10/2020,0:00,0,0,0
12/10/2020,1:00,0,0,0
12/10/2020,2:00,0,0,0
12/10/2020,3:00,0,0,0
12/10/2020,4:00,0,0,0
12/10/2020,5:00,0,0,0
12/10/2020,6:00,6,0,6
12/10/2020,7:00,13,0,13
12/10/2020,8:00,15,0,15
12/10/2020,9:00,18,1,17
12/10/2020,10:00,15,0,15
12/10/2020,11:00,1,0,1
12/10/2020,12:00,2,0,2
12/10/2020,13:00,5,0,5
12/10/2020,14:00,8,0,8
12/10/2020,15:00,23,0,23
12/10/2020,16:00,44,0,44
12/10/2020,17:00,28,0,28
12/10/2020,18:00,14,0,14
12/10/2020,19:00,0,0,0
12/10/2020,20:00,0,0,0
12/10/2020,21:00,0,0,0
12/10/2020,22:00,0,0,0
12/10/2020,23:00,0,0,0
13/10/2020,0:00,0,0,0
13/10/2020,1:00,0,0,0
13/10/2020,2:00,0,0,0
13/10/2020,3:00,0,0,0
13/10/2020,4:00,0,0,0
13/10/2020,5:00,3,0,3
13/10/2020,6:00,4,0,4
13/10/2020,7:00,5,0,5
13/10/2020,8:00,10,0,10
13/10/2020,9:00,10,0,10
13/10/2020,10:00,11,0,11
13/10/2020,11:00,15,0,15
13/10/2020,12:00,17,0,17
13/10/2020,13:00,13,0,13
13/10/2020,14:00,40,1,39
13/10/2020,15:00,41,19,22
13/10/2020,16:00,44,18,26
13/10/2020,17:00,70,5,65
13/10/2020,18:00,28,0,28
13/10/2020,19:00,6,0,6
13/10/2020,20:00,1,0,1
13/10/2020,21:00,0,0,0
13/10/2020,22:00,0,0,0
13/10/2020,23:00,0,0,0
14/10/2020,0:00,0,0,0
14/10/2020,1:00,0,0,0
14/10/2020,2:00,0,0,0
14/10/2020,3:00,0,0,0
14/10/2020,4:00,0,0,0
14/10/2020,5:00,1,0,1
14/10/2020,6:00,4,0,4
14/10/2020,7:00,10,0,10
14/10/2020,8:00,10,0,10
14/10/2020,9:00,13,0,13
14/10/2020,10:00,8,0,8
14/10/2020,11:00,12,0,12
14/10/2020,12:00,11,0,11
14/10/2020,13:00,5,0,5
14/10/2020,14:00,11,0,11
14/10/2020,15:00,25,0,25
14/10/2020,16:00,33,0,33
14/10/2020,17:00,32,0,32
14/10/2020,18:00,13,0,13
14/10/2020,19:00,0,0,0
14/10/2020,20:00,2,0,2
14/10/2020,21:00,0,0,0
14/10/2020,22:00,0,0,0
14/10/2020,23:00,0,0,0
15/10/2020,0:00,0,0,0
15/10/2020,1:00,0,0,0
15/10/2020,2:00,0,0,0
15/10/2020,3:00,0,0,0
15/10/2020,4:00,0,0,0
15/10/2020,5:00,1,0,1
15/10/2020,6:00,4,0,4
15/10/2020,7:00,6,0,6
15/10/2020,8:00,10,0,10
15/10/2020,9:00,6,0,6
15/10/2020,10:00,6,0,6
15/10/2020,11:00,8,0,8
15/10/2020,12:00,11,0,11
15/10/2020,13:00,11,0,11
15/10/2020,14:00,9,0,9
15/10/2020,15:00,10,0,10
15/10/2020,16:00,16,0,16
15/10/2020,17:00,21,0,21
15/10/2020,18:00,10,0,10
15/10/2020,19:00,0,0,0
15/10/2020,20:00,0,0,0
15/10/2020,21:00,0,0,0
15/10/2020,22:00,0,0,0
15/10/2020,23:00,0,0,0
16/10/2020,0:00,0,0,0
16/10/2020,1:00,0,0,0
16/10/2020,2:00,0,0,0
16/10/2020,3:00,0,0,0
16/10/2020,4:00,0,0,0
16/10/2020,5:00,0,0,0
16/10/2020,6:00,2,0,2
16/10/2020,7:00,9,0,9
16/10/2020,8:00,7,0,7
16/10/2020,9:00,5,0,5
16/10/2020,10:00,5,0,5
16/10/2020,11:00,6,0,6
16/10/2020,12:00,6,0,6
16/10/2020,13:00,16,0,16
16/10/2020,14:00,8,2,6
16/10/2020,15:00,10,0,10
16/10/2020,16:00,17,0,17
16/10/2020,17:00,15,0,15
16/10/2020,18:00,10,0,10
16/10/2020,19:00,0,0,0
16/10/2020,20:00,0,0,0
16/10/2020,21:00,0,0,0
16/10/2020,22:00,1,0,1
16/10/2020,23:00,0,0,0
17/10/2020,0:00,0,0,0
17/10/2020,1:00,0,0,0
17/10/2020,2:00,0,0,0
17/10/2020,3:00,0,0,0
17/10/2020,4:00,0,0,0
17/10/2020,5:00,0,0,0
17/10/2020,6:00,12,0,12
17/10/2020,7:00,4,0,4
17/10/2020,8:00,9,0,9
17/10/2020,9:00,6,0,6
17/10/2020,10:00,15,0,15
17/10/2020,11:00,5,0,5
17/10/2020,12:00,7,0,7
17/10/2020,13:00,12,0,12
17/10/2020,14:00,8,0,8
17/10/2020,15:00,14,0,14
17/10/2020,16:00,14,0,14
17/10/2020,17:00,4,0,4
17/10/2020,18:00,2,0,2
17/10/2020,19:00,1,0,1
17/10/2020,20:00,0,0,0
17/10/2020,21:00,0,0,0
17/10/2020,22:00,1,0,1
17/10/2020,23:00,1,0,1
